E_nu[GeV] muCC mu_barCC eCC e_barCC tauCC tau_barCC nuNC nu_barNC
0.01 0 0 0 0 0 0 0 0
0.03 0 0 0 0 0 0 0 0
0.05 0 0 0 0 0 0 0 0
0.07 0 0 0 0 0 0 0 0
0.09 0 0 0 0 0 0 0 0
0.11 0 1.99309 49.9751 33.9267 0 0 78.7362 50.9406
0.13 4.71574 12.5016 67.5495 38.7067 0 0 116.95 64.9101
0.15 53.436 15.2516 81.5779 39.8697 0 0 129.797 71.858
0.17 58.1966 25.429 89.9602 40.5293 0 0 144.687 71.7185
0.19 77.3211 34.0393 97.9089 40.9105 0 0 150.248 75.081
0.21 70.2295 31.3729 97.918 40.1661 0 0 149.076 72.1466
0.23 88.241 34.6061 101.744 37.8259 0 0 155.278 72.6667
0.25 92.9562 34.6573 106.873 38.032 0 0 161.908 72.4106
0.27 92.4063 32.8849 111.623 37.8166 0 0 156.154 69.1212
0.29 118.333 39.4659 103.221 35.3234 0 0 168.043 70.9648
0.31 122.356 39.3978 106.616 35.0457 0 0 167.959 69.8916
0.33 94.6807 31.1775 101.725 31.7693 0 0 141.808 58.5782
0.35 110.133 35.2126 106.836 32.7441 0 0 149.929 62.0311
0.37 98.0208 30.136 96.6734 29.5472 0 0 139.751 55.5195
0.39 107.545 33.2124 104.051 31.4626 0 0 149.413 59.5625
0.41 99.2596 29.3169 92.6856 27.7019 0 0 130.938 51.6266
0.43 105.507 31.7089 99.6431 29.2181 0 0 139.183 54.4635
0.45 99.9145 32.097 92.7168 26.4264 0 0 128.047 50.0637
0.47 98.3837 29.3514 90.8409 26.6207 0 0 123.45 48.2023
0.49 108.687 32.5609 96.2341 27.748 0 0 130.181 50.6362
0.51 95.293 29.4104 84.4321 24.0084 0 0 114.303 44.3603
0.53 99.198 29.5292 88.0994 24.6507 0 0 115.586 44.253
0.55 130.124 37.2952 92.9562 26.6218 0 0 132.981 51.4507
0.57 84.2181 25.4069 79.1041 22.226 0 0 100.396 38.2072
0.59 77.7867 22.035 80.8659 22.3969 0 0 95.7237 37.5193
0.61 83.2288 23.6166 82.4676 22.4084 0 0 98.0757 36.2458
0.63 94.7409 27.9121 77.9823 21.5871 0 0 99.4756 39.1272
0.65 97.9099 28.0028 70.2988 20.0366 0 0 94.4993 37.8839
0.67 88.0391 27.4089 72.9777 19.8636 0 0 91.3983 35.3297
0.69 92.9678 26.4651 75.3179 21.4438 0 0 93.9438 35.7415
0.71 91.5581 27.1884 72.0056 19.8914 0 0 88.3609 34.2594
0.73 81.3229 24.1484 66.5874 18.9318 0 0 81.9284 31.5961
0.75 81.2672 23.2007 66.1429 18.0728 0 0 80.7074 31.3589
0.77 79.8283 23.4697 66.2538 18.4914 0 0 78.7302 31.3273
0.79 84.7953 26.1088 63.158 17.8202 0 0 78.0818 30.1013
0.81 74.6102 22.5098 59.0981 16.579 0 0 71.2969 27.6396
0.83 80.0498 23.3869 60.9615 17.0427 0 0 72.3601 29.0273
0.85 75.9345 23.7858 60.3861 17.2069 0 0 71.9391 28.3749
0.87 74.0626 22.9959 58.1117 16.7823 0 0 68.8642 27.925
0.89 71.9728 22.2359 53.7159 15.6689 0 0 64.9092 25.1311
0.91 68.7969 20.5319 51.675 14.6123 0 0 60.9011 24.5251
0.93 68.5864 22.0465 53.1263 15.7287 0 0 63.8458 25.6301
0.95 67.2681 21.2055 52.2733 14.9931 0 0 60.8438 23.8671
0.97 65.0688 20.0598 49.7696 14.9576 0 0 57.135 24.1764
0.99 66.0083 20.854 49.4746 14.8817 0 0 59.1183 23.5442
1.01 61.3521 19.2213 45.9102 13.3763 0 0 54.9149 21.5145
1.03 63.1684 20.9015 46.3733 14.3598 0 0 53.5865 22.4156
1.05 59.8029 19.4147 45.2653 13.4424 0 0 52.5356 22.1115
1.07 58.3971 18.9839 44.61 13.0912 0 0 51.5026 21.1963
1.09 59.4147 19.8761 43.9382 13.8959 0 0 50.7884 21.079
1.11 63.1147 20.7282 47.0086 13.9589 0 0 53.8437 22.1461
1.13 50.3217 17.3667 37.5395 11.7546 0 0 43.3736 17.935
1.15 51.9108 17.0929 36.7864 11.918 0 0 43.1655 18.552
1.17 52.1195 18.1264 38.5752 11.9751 0 0 44.4765 18.7929
1.19 53.1642 18.5259 39.6937 12.1384 0 0 46.3252 19.3474
1.21 49.9139 17.1673 36.2105 11.4102 0 0 42.59 17.4993
1.23 50.7342 17.6304 37.0082 11.6904 0 0 41.9087 18.3953
1.25 58.7367 21.605 38.9152 12.4198 0 0 45.3896 19.0015
1.27 42.036 15.2568 32.9189 10.5112 0 0 37.9671 16.1506
1.29 44.0015 14.9277 33.0405 10.3038 0 0 37.6693 16.3361
1.31 45.0568 15.8736 32.224 10.296 0 0 37.3374 15.7337
1.33 45.7811 16.5819 32.7938 10.7766 0 0 38.6021 16.9179
1.35 45.5464 15.6883 32.4044 10.2933 0 0 37.0633 15.9199
1.37 43.1929 15.5179 30.6836 10.2149 0 0 35.2463 15.6993
1.39 44.4954 16.0194 31.4849 10.1433 0 0 36.0226 15.2171
1.41 49.1313 18.1422 32.1084 10.561 0 0 37.3986 16.3701
1.43 35.6824 13.0418 27.0455 8.74409 0 0 31.3266 13.8786
1.45 37.2954 13.5542 27.341 9.17126 0 0 31.7069 13.5134
1.47 40.539 13.8783 27.3169 9.21175 0 0 31.3779 13.8612
1.49 39.4523 15.1138 28.6242 9.39024 0 0 32.9855 14.3907
1.51 37.5593 14.2534 26.0348 8.75195 0 0 30.2802 13.2958
1.53 38.3424 13.8545 26.3739 8.72014 0 0 30.0485 13.7374
1.55 39.0345 15.0064 26.924 9.46191 0 0 31.6979 13.5011
1.57 39.3334 15.2294 27.0756 8.83425 0 0 30.5463 13.7399
1.59 31.6602 12.0591 22.0458 7.55695 0 0 25.8769 11.4831
1.61 34.5615 12.6106 23.5047 8.36762 0 0 26.9675 12.0386
1.63 34.2939 12.4631 23.9221 8.05937 0 0 27.8322 12.5882
1.65 33.4611 12.5246 23.4925 7.63878 0 0 27.309 12.0286
1.67 33.3387 12.2932 22.9924 8.11746 0 0 25.9013 11.7537
1.69 32.8793 13.1534 22.2271 7.71369 0 0 26.6952 11.6624
1.71 31.8092 12.0599 21.8322 7.46941 0 0 25.3497 11.1834
1.73 31.8109 12.3837 21.3257 7.4997 0 0 24.7976 11.2647
1.75 33.7286 13.4553 21.7653 7.78589 0 0 25.5461 11.6691
1.77 34.693 13.8531 22.3859 7.60618 0 0 25.6508 11.5781
1.79 23.6549 9.39744 17.3679 6.24963 0 0 20.495 9.30319
1.81 28.4018 11.1557 19.8314 7.06279 0 0 23.0203 10.2402
1.83 29.8516 11.5747 19.2239 6.84466 0 0 22.8776 10.7145
1.85 28.5057 11.0949 19.4539 6.92772 0 0 22.1289 9.39036
1.87 28.2918 10.544 18.5183 6.73006 0 0 22.112 10.0515
1.89 27.3058 10.7788 19.0027 6.38622 0 0 21.5979 10.2444
1.91 26.2005 10.5706 17.8328 5.94915 0 0 21.1821 9.59097
1.93 27.1368 10.5432 17.8585 6.74921 0 0 21.0311 9.3989
1.95 26.7812 10.7325 17.6207 6.2768 0 0 19.9634 9.48222
1.97 26.5917 10.5924 17.6124 6.41599 0 0 20.3075 9.29667
1.99 24.6194 10.11 16.4412 5.87009 0 0 19.6456 8.79342
2.01 24.3866 9.90637 16.1733 5.74879 0 0 19.3448 8.55041
2.03 25.1815 10.2464 16.4519 6.14644 0 0 19.09 8.9183
2.05 24.8 9.84152 16.0237 5.545 0 0 18.9311 8.53651
2.07 24.2802 9.21891 16.1278 5.70149 0 0 18.1801 8.5257
2.09 23.869 9.65692 15.3711 5.72946 0 0 18.3771 8.35788
2.11 23.3941 8.95204 14.8883 5.50978 0 0 17.5501 8.21758
2.13 23.014 9.43859 15.179 5.6729 0 0 17.5927 8.24873
2.15 22.7285 9.22124 14.8199 5.13058 0 0 18.013 7.94425
2.17 21.9043 8.82151 14.6897 5.42041 0 0 16.6611 7.74907
2.19 22.0274 9.15889 14.6171 5.27948 0 0 17.1045 7.81687
2.21 21.9904 9.04926 15.0679 5.13281 0 0 17.3638 7.65294
2.23 22.3139 9.6044 13.9766 5.44933 0 0 16.4449 7.89974
2.25 18.8381 7.73218 12.2443 4.31932 0 0 14.5088 6.65031
2.27 19.9466 7.84351 12.9992 5.0621 0 0 15.6696 7.30032
2.29 20.8513 8.5628 13.6501 4.72903 0 0 15.76 7.22167
2.31 20.1324 8.26628 12.7355 4.62634 0 0 15.7862 6.7521
2.33 20.082 8.57327 13.0705 4.86312 0 0 14.6653 7.16064
2.35 18.9124 8.24214 12.3425 4.59283 0 0 14.6676 6.6864
2.37 19.5649 7.64486 12.5293 4.76639 0 0 14.7075 6.8769
2.39 19.5719 8.51079 12.6696 4.58688 0 0 14.7214 6.91114
2.41 19.1025 7.70735 12.1991 4.36602 0 0 13.9332 6.14007
2.43 18.3035 7.75275 11.8338 4.51149 0 0 14.1406 6.95399
2.45 18.57 7.80975 11.5257 4.17288 0 0 13.7044 6.15653
2.47 17.8651 7.39563 11.383 4.49847 0 0 13.3282 6.54426
2.49 18.4586 7.47038 11.624 4.11192 0 0 13.9467 6.26892
2.51 21.1574 8.79417 12.3092 4.79577 0 0 14.8684 7.37644
2.53 15.9149 6.40112 10.1552 3.528 0 0 12.0842 5.23434
2.55 15.3252 6.77145 10.1702 3.79992 0 0 11.9392 5.71031
2.57 17.3052 6.79248 10.7585 3.96816 0 0 12.6713 5.61167
2.59 16.9209 6.55169 10.9082 3.8905 0 0 12.5549 6.29297
2.61 16.4785 6.83524 10.2168 3.80192 0 0 12.1426 5.6351
2.63 16.4964 6.65872 10.3397 3.8923 0 0 12.2481 5.59835
2.65 16.0039 6.97206 10.3935 3.72071 0 0 12.1151 5.42738
2.67 15.8458 6.65955 10.1877 3.54536 0 0 11.5184 5.23467
2.69 15.9638 6.55952 10.0169 4.11951 0 0 12.194 5.69736
2.71 14.9118 6.24297 9.91656 3.21231 0 0 11.5554 5.35055
2.73 15.6939 6.60036 9.65498 3.90462 0 0 11.3262 5.15951
2.75 15.4493 7.18544 9.51763 3.66351 0 0 11.5336 5.35087
2.77 15.1065 6.41204 9.39296 3.56886 0 0 10.8911 5.42577
2.79 14.8545 6.30336 9.19456 3.49484 0 0 11.0665 5.10633
2.81 18.0448 8.11609 10.764 3.99305 0 0 12.6208 6.07927
2.83 11.864 5.2634 7.5622 2.85572 0 0 9.47639 4.28832
2.85 12.9617 5.18219 8.73632 3.1129 0 0 9.97977 4.48849
2.87 13.7405 5.65627 8.64991 3.39058 0 0 10.27 4.82271
2.89 14.4499 6.06208 8.67371 3.18073 0 0 10.2262 4.82223
2.91 13.6041 5.43012 8.70088 3.21094 0 0 9.61995 4.3383
2.93 13.6082 5.68274 8.35471 3.05044 0 0 10.1334 4.68134
2.95 13.3987 5.65969 8.55033 3.29744 0 0 9.99088 4.65407
2.97 13.3776 5.74747 8.1529 2.98574 0 0 10.1163 4.43936
2.99 13.3975 5.72845 8.26497 3.14305 0 0 9.73598 4.45768
3.01 13.3364 5.65812 7.839 3.12703 0 0 9.78626 4.10409
3.03 12.4954 5.45749 8.02664 3.16409 0 0 9.33137 4.80059
3.05 12.975 5.72785 8.27442 2.93237 0 0 9.32003 4.56289
3.07 12.5935 5.29717 7.92736 2.97594 0 0 9.24519 4.09341
3.09 12.8613 5.40572 7.484 2.86183 0 0 9.14207 4.46966
3.11 11.6449 5.02939 7.55272 2.63325 0 0 8.80291 4.28264
3.13 12.5078 5.46296 7.27283 2.98699 0 0 9.2827 4.26804
3.15 14.9109 6.06644 8.79262 3.24753 0 0 9.56131 4.42092
3.17 11.012 4.73155 6.63705 2.62607 0 0 8.57798 3.74802
3.19 10.4254 4.18632 6.67259 2.21277 0 0 7.58506 3.51172
3.21 11.5788 4.49643 7.08068 2.55733 0 0 8.42836 3.61652
3.23 11.5558 4.78323 6.94669 2.69616 0 0 8.22372 3.76626
3.25 11.4026 4.89264 7.21028 2.25125 0 0 8.51693 3.93946
3.27 11.5593 4.76883 6.7591 2.54112 0 0 8.07705 3.91106
3.29 11.3204 4.73997 7.01977 2.55399 0 0 8.19821 3.97688
3.31 11.0738 4.60263 6.72305 2.53233 0 0 7.56297 3.82386
3.33 11.2841 4.76507 6.81571 2.53658 0 0 8.53178 3.78797
3.35 11.1689 4.56835 6.62966 2.34298 0 0 8.18346 3.23314
3.37 10.6883 4.48832 6.56678 2.51826 0 0 7.50345 3.45566
3.39 11.2109 4.60878 6.53219 2.51585 0 0 7.8991 3.82501
3.41 10.3542 4.45461 6.29361 2.53797 0 0 7.79895 3.56137
3.43 10.989 4.27597 6.31615 2.30581 0 0 7.43034 3.46152
3.45 10.8862 4.72301 6.43017 2.1804 0 0 7.43365 3.29705
3.47 10.3472 4.50676 5.97157 2.37618 0 0 7.18513 3.2664
3.49 9.96504 4.013 6.19975 2.46933 0 0 7.3593 3.68378
3.51 10.4009 4.72559 6.07908 2.37122 0 0 7.23965 3.46184
3.53 10.1495 4.61298 6.29197 2.39703 0 0.00519803 7.34435 3.26344
3.55 9.76664 4.15424 5.71576 2.29841 0 0.0110734 6.67862 3.34182
3.57 9.4758 3.82123 5.90693 2.05603 0 0.0058754 7.21733 3.42429
3.59 10.1926 4.02398 5.44963 1.86672 0 0.0058754 6.77709 3.17484
3.61 9.04951 3.79365 5.51415 2.30931 0 0.0121829 6.71354 3.16955
3.63 10.2081 4.39192 5.9036 1.89188 0 0 6.66826 3.06846
3.65 9.27268 3.9016 5.31538 2.03934 0 0.0121829 6.84232 3.16752
3.67 9.55043 3.81966 5.44794 2.09841 0 0.0153632 6.35732 2.97437
3.69 9.19045 3.94749 5.66657 2.07176 0 0.0153632 6.58725 2.93477
3.71 9.34444 3.5854 5.8242 2.00197 0 0.00915376 6.86781 2.952
3.73 9.06104 4.33324 5.03292 2.01288 0 0.0137306 6.46975 3.01645
3.75 9.06958 3.75342 5.36534 2.06508 0 0.0405743 6.30877 2.91459
3.77 8.74617 3.74679 5.00019 2.0194 0 0.00383481 6.24823 2.82411
3.79 9.24035 3.90901 5.41711 1.8379 0 0.0115044 6.54857 2.84109
3.81 8.69504 3.4096 5.1548 1.90811 0 0.0158446 6.06288 3.16302
3.83 8.64089 4.069 5.04747 1.80595 0 0.0253514 6.34926 2.56957
3.85 8.73719 3.66461 5.23977 2.0226 0 0.0116485 6.00261 2.76736
3.87 8.72229 3.74602 4.82806 1.7511 0 0.0159321 6.16592 2.78749
3.89 8.58239 3.61467 4.9436 2.05712 0 0.0318642 5.80743 2.89379
3.91 8.42145 3.58369 4.58302 1.6173 0 0.0293037 6.2968 2.61829
3.93 7.91232 3.57618 4.8695 1.89647 0 0.0251174 5.49834 2.57258
3.95 9.04966 3.79828 5.2232 1.98987 0.01157 0.0214583 5.607 2.90699
3.97 9.03728 3.97856 5.06064 2.04935 0 0.0172721 6.43603 2.9606
3.99 6.29639 2.69029 3.99163 1.36599 0.219831 0.0302261 4.70993 2.04651
4.01 7.90498 3.24699 4.59938 1.717 0.101741 0.0258544 5.13041 2.37197
4.03 7.89821 3.39133 4.57933 1.65255 0.103817 0.0258544 5.82672 2.70395
4.05 7.60749 3.41671 4.30919 1.53451 0.0820206 0.0316721 5.76649 2.56937
4.07 7.42782 3.40503 4.3758 1.62082 0.130829 0.0327424 5.4728 2.31373
4.09 7.96023 3.3186 4.77362 1.94568 0.105909 0.0350812 5.39082 2.60978
4.11 7.63744 3.24269 4.27771 1.47091 0.126346 0.0231266 5.36378 2.63764
4.13 7.7687 3.10753 4.55588 1.72525 0.0887838 0.0340098 5.29244 2.46152
4.15 7.32895 3.2085 4.27694 1.48073 0.133943 0.0502845 5.31731 2.57707
4.17 7.53889 3.23591 4.31057 1.53258 0.0933501 0.0383171 4.94691 2.35681
4.19 7.34161 3.17611 4.33076 1.71512 0.144268 0.0359223 5.56222 2.38201
4.21 7.20535 3.0822 4.29891 1.60868 0.12679 0.0377122 4.85514 2.42649
4.23 7.25795 3.20371 4.21584 1.6969 0.115263 0.0468546 5.03237 2.05493
4.25 7.56316 2.8095 3.96841 1.74213 0.138235 0.0407146 5.37264 2.51168
4.27 6.91283 2.92421 4.30278 1.50576 0.150489 0.0327399 4.72327 2.08953
4.29 7.16731 3.2325 3.92988 1.62062 0.101148 0.0523838 5.14211 2.38239
4.31 7.13503 3.09515 3.98146 1.58028 0.127173 0.0391343 4.75198 2.15445
4.33 6.80933 2.94264 3.97503 1.38812 0.148369 0.0552485 4.92541 2.38337
4.35 6.77647 2.85626 4.03845 1.39997 0.119377 0.0427574 4.79982 2.44354
4.37 6.50517 3.00966 4.06212 1.66151 0.110646 0.0484864 4.89973 2.15665
4.39 7.0986 2.7273 3.79646 1.54331 0.157671 0.0506903 4.82698 2.30932
4.41 6.31775 2.90697 3.7687 1.59017 0.123634 0.0452449 4.76547 2.20617
4.43 6.75192 2.74257 3.8878 1.27861 0.13333 0.0497694 4.52155 2.08649
4.45 7.42272 2.83948 3.95983 1.43412 0.127097 0.0547722 5.22227 2.0763
4.47 6.3769 2.70073 3.73974 1.29526 0.127323 0.0525018 4.44674 1.98847
4.49 5.97613 2.6211 3.2865 1.14914 0.171997 0.056702 3.93475 1.81265
4.51 6.27543 2.68493 3.53806 1.3226 0.118578 0.0469844 4.26968 2.22655
4.53 6.52928 2.71544 3.58053 1.33383 0.158104 0.0662053 4.37455 2.02045
4.55 6.7293 2.77647 3.73767 1.31138 0.173926 0.0588539 4.77887 1.96553
4.57 6.06234 2.54272 3.41462 1.38634 0.154026 0.069567 4.3704 1.76428
4.59 6.28776 2.74535 3.7092 1.33702 0.104264 0.0425709 4.41046 2.11375
4.61 6.22471 2.79063 3.39891 1.21801 0.133751 0.0629291 4.33138 1.87745
4.63 6.00303 2.52263 3.54966 1.42071 0.137743 0.0496808 4.24268 1.96101
4.65 6.24899 2.40826 3.59684 1.20331 0.159531 0.0621642 3.98545 1.84291
4.67 6.44758 2.65131 3.55137 1.37769 0.126941 0.0617493 4.32044 1.85518
4.69 5.98331 2.61782 3.3488 1.27163 0.173486 0.0715507 4.33561 2.03588
4.71 5.89176 2.4374 3.33579 1.26016 0.148717 0.0603942 4.2967 1.81388
4.73 6.14454 2.53559 3.59395 1.29953 0.162784 0.0691611 3.99714 2.00447
4.75 6.09892 2.64803 3.27897 1.24419 0.115897 0.063231 3.76929 2.12661
4.77 5.70215 2.36484 3.20263 1.08444 0.172999 0.0729317 4.17954 1.61259
4.79 6.16648 2.66743 3.44106 1.39083 0.146225 0.0621713 4.03761 1.96494
4.81 5.84158 2.36971 3.09056 1.17614 0.148918 0.0577955 3.81764 1.86699
4.83 5.75345 2.4506 3.2915 1.25746 0.148918 0.0872597 3.97873 1.8814
4.85 5.87709 2.6267 3.45712 1.20232 0.153327 0.0516015 3.89669 1.6378
4.87 5.80591 2.46835 2.93476 1.22281 0.129591 0.0769331 3.88255 1.67628
4.89 5.77577 2.38297 3.23738 1.14419 0.174204 0.0697527 4.03512 1.94151
4.91 5.36443 2.23686 2.84037 1.18645 0.155507 0.0562169 3.98557 1.80274
4.93 5.69933 2.56836 3.53164 1.24763 0.161645 0.0806128 3.72509 1.74513
4.95 5.80842 2.15435 3.04893 0.993001 0.140435 0.0771477 3.63729 1.70356
4.97 5.11165 2.39762 3.06029 0.980056 0.144926 0.0735744 3.71587 1.79419
4.99 5.78008 2.32154 3.02402 1.24043 0.154337 0.0668858 3.80319 1.56773
5.01 6.46852 2.89235 3.34258 1.19723 0.139903 0.0752649 4.03897 2.02162
5.03 4.93514 2.12437 2.66281 1.08147 0.159633 0.0645127 3.45073 1.52948
5.05 4.59192 2.13459 2.99974 1.08898 0.170106 0.0740975 3.36155 1.52671
5.07 5.85884 2.07181 2.99586 1.02644 0.157043 0.0807244 3.3304 1.81035
5.09 5.1037 2.2596 2.72921 1.13137 0.133402 0.0702777 3.79353 1.28941
5.11 5.24073 2.2892 2.86036 1.16149 0.157639 0.0854678 3.34236 1.45811
5.13 5.18984 2.2286 2.96018 0.963981 0.132842 0.0601763 3.67356 1.60934
5.15 5.48077 2.13362 3.03115 1.1132 0.187108 0.0765962 3.44449 1.87075
5.17 5.16864 2.2353 2.82749 1.12096 0.162662 0.076979 3.47623 1.53921
5.19 5.19956 2.28776 2.79006 0.919218 0.130923 0.0788565 3.25299 1.58486
5.21 5.16148 2.2479 2.87319 0.881202 0.141901 0.074521 3.52655 1.5777
5.23 5.14958 1.95018 2.722 1.11346 0.169931 0.0725069 3.58207 1.4925
5.25 4.99618 2.20883 2.6176 1.02808 0.138887 0.0842251 3.34767 1.63048
5.27 4.93581 2.05535 3.05816 0.99999 0.155509 0.0776513 3.27574 1.58953
5.29 5.2737 2.1554 2.62533 0.834449 0.173452 0.0804246 3.34981 1.5102
5.31 5.25393 2.13292 2.61695 0.984026 0.183073 0.0827155 3.15558 1.64728
5.33 4.7223 2.09526 2.99462 0.974959 0.146861 0.0730788 3.23003 1.07096
5.35 4.85863 2.11901 2.61666 0.900832 0.144289 0.0794408 3.21109 1.62291
5.37 4.82509 2.24699 2.6468 0.995536 0.156722 0.0818521 3.30438 1.493
5.39 5.06189 2.05391 2.61812 0.984589 0.154941 0.0818521 3.23758 1.49672
5.41 4.88901 2.01141 2.35992 1.02467 0.161681 0.0896505 3.14515 1.46607
5.43 4.7496 2.07029 2.73947 0.987749 0.167456 0.0784442 3.46597 1.38205
5.45 4.56523 2.09505 2.76404 0.997568 0.165911 0.0740754 3.07472 1.30079
5.47 4.79401 1.77231 2.57691 0.870062 0.155071 0.0802589 3.16457 1.38521
5.49 4.77767 2.0957 2.63418 1.00472 0.139782 0.0845394 3.10024 1.57836
5.51 4.76035 1.98652 2.44766 0.957526 0.174049 0.100738 3.27884 1.55545
5.53 4.57444 2.05022 2.67509 1.01281 0.136753 0.0746545 3.12254 1.31423
5.55 4.35992 2.22959 2.60817 0.971081 0.170556 0.0700782 3.14558 1.49858
5.57 4.79045 1.94568 2.43144 0.904824 0.158367 0.0870726 2.78339 1.53749
5.59 4.49752 2.02862 2.74899 0.911328 0.151946 0.0807891 3.37371 1.45761
5.61 5.34301 2.40498 2.86453 1.02151 0.152398 0.0857716 3.55116 1.72598
5.63 3.82817 1.62166 2.26455 0.86423 0.170984 0.0830631 2.44433 1.03945
5.65 3.97191 1.60522 2.06777 0.789084 0.156389 0.0941103 2.81863 1.21908
5.67 4.4141 1.63185 2.42795 0.744714 0.124968 0.0810997 2.60137 1.28944
5.69 4.33472 1.81078 2.23702 0.791645 0.191023 0.0763291 2.73279 1.15604
5.71 4.1117 1.74699 2.2058 0.707823 0.164953 0.080165 2.71724 0.864682
5.73 4.47031 1.61071 2.2867 0.776017 0.149488 0.0828078 2.76552 1.3058
5.75 4.17576 1.80509 2.17882 0.823328 0.189426 0.105445 2.60533 1.43828
5.77 4.11446 1.62122 2.1812 0.838189 0.136468 0.0750637 2.86757 1.23981
5.79 4.37022 1.75928 2.40389 0.697764 0.17104 0.0894594 2.75211 1.1969
5.81 4.16539 1.67702 2.31162 0.836999 0.175663 0.0773098 2.74114 1.13137
5.83 4.15282 1.93939 2.33363 0.960535 0.154429 0.0947966 2.71158 1.17089
5.85 4.23657 1.6363 2.28281 0.685976 0.192482 0.0925941 3.04473 1.32064
5.87 4.07813 1.8448 2.2768 0.836312 0.133322 0.0921945 2.65838 1.23644
5.89 4.10855 1.6818 2.33786 0.83917 0.169849 0.0876305 2.57258 1.30517
5.91 4.02999 1.6945 1.91382 0.859931 0.201185 0.0837029 2.55612 1.24066
5.93 3.99892 1.72371 2.28896 0.732842 0.1552 0.102636 2.83601 1.23492
5.95 3.90798 1.88304 2.50337 0.764218 0.163202 0.0929675 2.62649 1.37553
5.97 3.99748 1.74344 2.0717 0.841346 0.153916 0.078715 2.54728 1.04349
5.99 4.06365 1.80216 2.21533 0.771025 0.164756 0.0967342 2.73396 1.14517
6.01 3.61318 1.66057 2.0515 0.636343 0.173379 0.0977599 2.69221 1.10579
6.03 4.05604 1.82405 2.14515 0.790471 0.159508 0.0878741 2.66817 1.15243
6.05 3.77677 1.51294 2.15105 0.719356 0.195992 0.0748671 2.57209 1.11915
6.07 3.59447 1.65404 2.04566 0.684598 0.144154 0.113185 2.38295 1.11724
6.09 4.15533 1.59937 2.15544 0.868936 0.175175 0.0894949 2.73791 1.22374
6.11 3.49655 1.84044 2.32819 0.726761 0.180893 0.0907564 2.60896 1.07259
6.13 3.96437 1.35494 1.98223 0.664921 0.174795 0.105086 2.53394 1.08897
6.15 3.68221 1.50206 2.09202 0.742633 0.160395 0.0823956 2.44377 1.04414
6.17 3.66597 1.5423 1.83683 0.764025 0.172429 0.0983059 2.37739 1.08688
6.19 3.90347 1.69503 2.10608 0.736813 0.166343 0.0927831 2.38911 1.17076
6.21 3.69045 1.60121 1.95028 0.791749 0.169824 0.109761 2.31503 1.24667
6.23 3.51564 1.41263 2.04959 0.673131 0.18225 0.0720652 2.31083 1.25176
6.25 3.55193 1.64468 2.17612 0.861471 0.185379 0.102086 2.63893 0.981634
6.27 3.81854 1.71654 1.92101 0.970092 0.13953 0.0976415 2.62249 1.48586
6.29 3.73956 1.64243 2.27626 0.719317 0.180568 0.0912735 2.58208 1.26695
6.31 3.98428 1.59457 2.00938 0.671746 0.166132 0.0930405 2.53713 0.997228
6.33 3.01671 1.37874 1.86428 0.702793 0.194928 0.0984604 2.06672 1.21517
6.35 3.2211 1.32622 1.89838 0.645258 0.153188 0.0974629 2.08522 1.07347
6.37 3.55997 1.32223 1.97311 0.725218 0.196509 0.0995764 2.35263 1.04387
6.39 3.07167 1.33986 1.75977 0.557724 0.152136 0.0888692 2.26288 0.792824
6.41 3.39484 1.39554 1.73206 0.632012 0.187288 0.0947175 2.26837 0.771867
6.43 3.27161 1.47347 1.88028 0.61137 0.16018 0.0855216 2.17454 0.930402
6.45 3.4058 1.4268 1.84434 0.663234 0.184816 0.108182 2.20334 0.97895
6.47 3.26863 1.36722 1.74403 0.523364 0.175883 0.08687 2.2666 0.997992
6.49 3.33615 1.28882 1.68792 0.460748 0.166817 0.110155 1.91305 0.876916
6.51 3.08451 1.22391 1.9639 0.627368 0.170898 0.081684 2.38483 1.10783
6.53 3.20048 1.4911 1.77435 0.5827 0.183557 0.12303 1.98035 1.06651
6.55 3.5352 1.52888 1.99078 0.626088 0.186396 0.0911616 2.37446 0.985122
6.57 3.31467 1.23291 1.75271 0.587529 0.1469 0.0960006 2.16418 0.9857
6.59 3.15847 1.44627 1.84842 0.632454 0.195867 0.0993888 2.2264 0.986358
6.61 2.98657 1.36604 1.66814 0.590995 0.182897 0.083789 2.12307 0.821263
6.63 3.23954 1.2808 1.87516 0.727921 0.160593 0.105273 2.26901 0.918681
6.65 3.21659 1.6509 1.76642 0.686136 0.20857 0.109459 2.26712 1.00511
6.67 3.35273 1.20686 1.71907 0.637996 0.169356 0.102902 2.14588 0.800876
6.69 3.02031 1.2963 1.55293 0.56368 0.167004 0.0932547 2.02067 0.925974
6.71 3.20459 1.26266 1.63638 0.604054 0.209028 0.0991315 1.90561 0.878246
6.73 3.14728 1.28222 1.73974 0.580399 0.16233 0.100371 1.88978 1.07983
6.75 2.94365 1.39034 1.63558 0.591517 0.155382 0.0881611 2.09274 0.941885
6.77 3.1813 1.23845 1.8059 0.53146 0.17458 0.100831 1.87418 0.913508
6.79 3.07297 1.27019 1.60971 0.628192 0.187806 0.107055 2.1758 1.00366
6.81 2.79113 1.16583 1.56347 0.689417 0.176064 0.109528 1.98511 0.786516
6.83 3.12364 1.41193 1.73944 0.45995 0.173835 0.0821459 2.11007 0.904475
6.85 3.08964 1.30039 1.69346 0.648757 0.177636 0.0967097 2.09322 1.04043
6.87 2.99592 1.21522 1.72642 0.465607 0.199121 0.100769 1.9767 0.819272
6.89 2.86891 1.26304 1.61689 0.618965 0.158931 0.104682 2.00036 0.857832
6.91 2.95952 1.04858 1.56921 0.665394 0.179561 0.106044 1.83599 0.94917
6.93 2.8873 1.28084 1.65755 0.504293 0.157663 0.0883701 2.00775 0.815261
6.95 2.94039 1.36911 1.56029 0.535648 0.191666 0.107237 1.96804 0.79471
6.97 2.93602 1.14862 1.54016 0.590205 0.163376 0.0978289 1.92444 0.890838
6.99 2.78546 1.25807 1.53241 0.58843 0.185562 0.0900801 1.99413 1.0143
7.01 2.84195 1.31889 1.7754 0.70893 0.163938 0.105065 1.98652 0.73596
7.03 3.00021 1.30722 1.66598 0.607748 0.187884 0.0951377 2.06739 1.12483
7.05 3.1332 1.41337 1.5964 0.61439 0.157104 0.0781485 2.42161 0.995271
7.07 3.17484 1.51275 1.97777 0.643643 0.210609 0.103762 1.98998 0.923533
7.09 2.18444 0.876878 1.23678 0.436239 0.146423 0.10068 1.59564 0.907365
7.11 2.61966 1.02207 1.33371 0.491785 0.167904 0.106831 1.68804 0.9277
7.13 2.74219 1.01998 1.31561 0.435699 0.17195 0.0921298 1.6283 0.607142
7.15 2.64584 0.961463 1.4662 0.381576 0.194773 0.0843564 1.74259 0.729658
7.17 2.62899 1.19735 1.39048 0.509622 0.181547 0.0977502 1.73082 0.786665
7.19 2.65179 1.01473 1.40314 0.511853 0.145238 0.0988869 1.79659 0.786152
7.21 2.78128 1.17762 1.33206 0.466721 0.144877 0.0869339 1.66917 0.718049
7.23 2.5156 1.19861 1.41288 0.508767 0.195584 0.103539 1.63859 0.740584
7.25 2.88973 0.964549 1.48627 0.502395 0.179723 0.105739 1.77691 0.69853
7.27 2.34861 1.07646 1.39963 0.480305 0.196987 0.0908404 1.69916 0.666626
7.29 2.94139 1.16736 1.48443 0.488229 0.141367 0.0908404 1.7784 0.84646
7.31 2.37716 1.08685 1.32399 0.526863 0.141515 0.0906461 1.61672 0.64754
7.33 2.70414 1.17559 1.49103 0.45624 0.183137 0.101671 1.9124 0.896548
7.35 2.83241 1.16484 1.41445 0.437392 0.210284 0.0868132 1.61123 0.805377
7.37 2.63487 1.14515 1.36326 0.464897 0.154087 0.0954273 1.60931 0.782254
7.39 2.6709 1.00738 1.34075 0.494988 0.163871 0.0995763 1.9387 0.814162
7.41 2.34635 1.10522 1.35166 0.516723 0.204117 0.0943907 1.80321 0.892913
7.43 2.65114 1.18543 1.54196 0.545555 0.135442 0.0877668 1.86106 0.56918
7.45 2.38444 1.02028 1.28513 0.539523 0.176466 0.0953121 1.65713 0.667139
7.47 2.61263 0.977679 1.31638 0.48715 0.156734 0.0922593 1.92062 0.951189
7.49 2.70815 1.1459 1.48902 0.490173 0.171841 0.0990307 1.5035 0.800935
7.51 2.44431 1.05301 1.39586 0.501602 0.182775 0.100053 1.62036 0.821205
7.53 2.62022 1.01944 1.28322 0.427137 0.140935 0.0800421 1.86627 0.831743
7.55 2.44103 1.04627 1.32553 0.425508 0.159458 0.0935046 1.76386 0.660361
7.57 2.52064 1.17845 1.52414 0.3755 0.165269 0.0992085 1.69319 0.642061
7.59 2.52342 1.00116 1.19176 0.42136 0.185369 0.0890622 1.64149 0.682392
7.61 2.4466 0.940666 1.35768 0.369041 0.14986 0.0987598 1.59477 0.726069
7.63 2.65526 1.06746 1.31353 0.513548 0.187325 0.0864148 1.57148 0.813159
7.65 2.30151 1.07942 1.22143 0.554908 0.161594 0.0845545 1.79055 0.885722
7.67 2.55158 1.05465 1.3046 0.379053 0.150335 0.0949704 1.2839 0.686106
7.69 2.29635 0.999341 1.26752 0.548033 0.171558 0.0888714 1.58148 0.61995
7.71 2.4904 1.07681 1.12168 0.469171 0.152039 0.0946549 1.51048 0.666325
7.73 2.47619 1.04269 1.23683 0.564092 0.152039 0.0874529 1.60373 0.661885
7.75 2.37389 0.893309 1.42366 0.346795 0.201909 0.0920869 1.46772 0.712392
7.77 2.44608 1.05439 1.23356 0.409722 0.134284 0.0742766 1.54718 0.783756
7.79 2.31935 1.07299 1.24804 0.450562 0.165103 0.0954985 1.78709 0.858629
7.81 2.29283 0.913675 1.20175 0.512839 0.120347 0.0775144 1.63202 0.661898
7.83 2.28139 1.05591 1.2046 0.468484 0.188821 0.0910795 1.59967 0.841817
7.85 2.49857 0.892601 1.45151 0.409578 0.158544 0.0929734 1.4762 0.773309
7.87 2.26447 1.07413 1.12158 0.525889 0.150115 0.081889 1.54255 0.662004
7.89 2.45729 1.17245 1.18813 0.340003 0.170252 0.0897294 1.6587 0.619977
7.91 2.45195 1.04456 1.19372 0.507786 0.157383 0.103171 1.42291 0.59157
7.93 2.41192 0.96621 1.16349 0.398758 0.151828 0.0738133 1.64202 0.722688
7.95 2.16157 0.797858 1.12263 0.40508 0.152938 0.0733563 1.17307 0.481265
7.97 2.0319 1.04301 1.01103 0.263324 0.14425 0.0849692 1.27119 0.502556
7.99 2.06472 0.690094 1.04868 0.434783 0.164567 0.0871479 1.31971 0.569143
8.01 2.16198 0.880804 1.16965 0.390481 0.140163 0.0848345 1.47063 0.637188
8.03 2.18402 1.04913 0.998171 0.407235 0.157106 0.0823874 1.46909 0.895705
8.05 2.19022 0.903169 1.20312 0.481194 0.162633 0.0835925 1.55959 0.690647
8.07 2.03718 0.949663 1.11406 0.378823 0.149994 0.0892308 1.28512 0.671631
8.09 2.36116 0.788099 1.09687 0.409417 0.151942 0.0761087 1.64679 0.651574
8.11 2.20118 1.13559 1.08235 0.343842 0.146336 0.0642456 1.35464 0.569562
8.13 2.21736 0.882786 1.05937 0.390328 0.142723 0.101578 1.26986 0.605191
8.15 2.16898 0.866785 1.18071 0.413914 0.156244 0.0794138 1.40151 0.55267
8.17 2.25686 0.987741 1.16273 0.384648 0.155572 0.0751032 1.51558 0.561345
8.19 2.24119 0.914433 1.00795 0.344437 0.151911 0.0895461 1.31693 0.544293
8.21 2.25783 0.874275 1.18409 0.482601 0.165847 0.0852305 1.33886 0.586183
8.23 2.24896 1.00745 1.18122 0.332434 0.132305 0.0736081 1.30695 0.584707
8.25 2.22438 0.828115 1.0533 0.399448 0.157657 0.0762113 1.43016 0.677696
8.27 2.12213 0.921178 1.01746 0.379012 0.154363 0.0774906 1.30022 0.749794
8.29 2.14571 0.783711 1.05152 0.403966 0.132594 0.0905416 1.4682 0.604789
8.31 1.94351 0.879803 1.16501 0.449501 0.147333 0.08922 1.41282 0.561585
8.33 2.16776 0.932808 0.970806 0.281355 0.145368 0.071376 1.19301 0.656363
8.35 2.14443 0.724811 1.07368 0.486771 0.144347 0.0714675 1.38435 0.556343
8.37 2.17741 0.950406 0.989158 0.368331 0.150121 0.0810496 1.23741 0.664898
8.39 2.00489 0.962852 0.995898 0.396942 0.144759 0.0826706 1.49739 0.467374
8.41 2.09985 0.839866 1.08776 0.286313 0.164587 0.0854838 1.47045 0.532586
8.43 2.20772 0.923643 1.06137 0.363177 0.125981 0.0676747 1.30271 0.660652
8.45 2.20304 0.889755 0.95658 0.392217 0.157938 0.0814703 1.30533 0.550072
8.47 2.07689 0.931871 1.10503 0.341106 0.118806 0.0761902 1.45825 0.515427
8.49 2.0394 0.940654 1.09653 0.309642 0.153077 0.077206 1.11555 0.652621
8.51 1.97407 0.849833 1.05411 0.38973 0.133565 0.0846906 1.42777 0.493552
8.53 2.05516 0.903417 1.07752 0.313679 0.146921 0.0539695 1.18965 0.617816
8.55 2.1553 0.729237 0.980089 0.349293 0.14655 0.0947529 1.30943 0.41819
8.57 1.99739 0.902833 0.86532 0.482041 0.13663 0.0636659 1.1853 0.646205
8.59 2.03335 0.78615 1.02631 0.406384 0.144393 0.0827658 1.19565 0.676128
8.61 1.94276 0.898744 0.782443 0.357405 0.148582 0.0726709 1.22572 0.579231
8.63 1.99956 0.847348 1.04271 0.416213 0.12258 0.0763505 1.29385 0.554756
8.65 2.06513 0.795637 1.03064 0.269745 0.158907 0.0688853 1.36707 0.60254
8.67 1.95562 0.928722 1.0258 0.290595 0.149113 0.0738237 1.39294 0.562453
8.69 1.95726 0.900624 0.986581 0.357257 0.115801 0.0795656 1.16845 0.504808
8.71 2.23158 0.84551 0.896977 0.288749 0.159283 0.0825691 1.35573 0.530872
8.73 1.72125 0.807336 0.977 0.296508 0.10802 0.0705277 1.06896 0.581152
8.75 2.16532 0.856946 0.950492 0.29213 0.140648 0.0608228 1.27855 0.436629
8.77 2.05939 0.82706 0.9438 0.371139 0.136632 0.0734012 1.51015 0.564451
8.79 1.79002 0.883941 1.15102 0.380593 0.136632 0.0751082 1.17465 0.512472
8.81 2.02454 0.885791 0.970944 0.368574 0.129265 0.0723001 1.24874 0.642505
8.83 1.92457 0.814183 0.964915 0.403386 0.133526 0.0759889 1.3254 0.492905
8.85 2.06659 0.772338 1.08859 0.330354 0.146428 0.0676905 1.26085 0.527361
8.87 2.02296 0.915739 0.898834 0.481053 0.134266 0.0697523 1.49855 0.671512
8.89 1.83084 0.826657 0.977254 0.269386 0.123305 0.0675496 1.04761 0.559023
8.91 2.15921 0.822764 1.10694 0.356105 0.141918 0.0600704 1.25643 0.570179
8.93 1.71813 0.604121 0.682192 0.240747 0.130366 0.0728354 0.970961 0.596522
8.95 1.44342 0.765053 0.63455 0.210046 0.113621 0.0877564 1.01696 0.412969
8.97 1.79735 0.807243 0.686029 0.266039 0.124887 0.0693827 0.885751 0.422417
8.99 1.81328 0.602998 0.752155 0.201251 0.144606 0.0557923 0.880024 0.40114
9.01 1.8502 0.865393 0.849151 0.335216 0.126614 0.0729596 1.26425 0.59885
9.03 1.8807 0.740573 0.919598 0.314427 0.131547 0.061064 0.991399 0.408212
9.05 1.7505 0.79011 0.728542 0.270622 0.148015 0.0732419 1.01904 0.503487
9.07 1.90617 0.756875 0.988544 0.384858 0.131409 0.0631652 1.09609 0.633562
9.09 1.82405 0.686636 0.831173 0.28513 0.112136 0.0710608 1.14085 0.465331
9.11 1.73186 0.701956 0.928262 0.318264 0.127273 0.0638568 0.979175 0.639394
9.13 1.72029 0.85824 0.953657 0.319996 0.114725 0.0653081 1.14634 0.438428
9.15 1.88368 0.778394 0.628692 0.316636 0.132423 0.0732419 1.38614 0.386671
9.17 1.93668 0.802533 0.821493 0.321736 0.142 0.0621758 1.10459 0.595083
9.19 1.78275 0.637018 0.938594 0.234507 0.127402 0.0724316 1.08616 0.477261
9.21 1.70046 0.807863 0.823059 0.308822 0.137507 0.0714791 1.02172 0.454531
9.23 1.94263 0.736423 0.918704 0.233923 0.130074 0.0632631 1.24665 0.456385
9.25 1.64937 0.747111 0.781656 0.351445 0.125046 0.0609178 1.01907 0.354749
9.27 1.79088 0.756219 0.7595 0.348477 0.128184 0.0679424 1.2021 0.483513
9.29 1.85016 0.681088 0.852022 0.337916 0.116826 0.0687916 0.982761 0.527241
9.31 1.69617 0.710269 0.721144 0.279546 0.136103 0.0626741 1.16814 0.490326
9.33 1.88342 0.797831 0.945902 0.32522 0.125498 0.0716275 1.01985 0.397495
9.35 1.72237 0.897821 0.764693 0.286408 0.106632 0.0613173 0.962944 0.544128
9.37 1.73711 0.697719 0.746836 0.324485 0.138848 0.0736028 1.06406 0.483465
9.39 1.89611 0.70382 0.847066 0.23876 0.124038 0.0584023 1.01444 0.373568
9.41 1.76905 0.755588 0.893908 0.244979 0.108708 0.0641338 0.987697 0.509147
9.43 1.64086 0.715351 0.743383 0.210058 0.119954 0.0674227 0.990519 0.554469
9.45 1.7529 0.658507 0.752676 0.280015 0.147678 0.0616102 1.25415 0.477444
9.47 1.61776 0.758088 0.889902 0.288148 0.146577 0.0703723 1.13263 0.469599
9.49 1.72625 0.666741 0.79189 0.278876 0.101337 0.0591767 1.12659 0.421071
9.51 1.81807 0.775483 0.824713 0.291621 0.11466 0.0593573 0.962047 0.432628
9.53 1.58587 0.647186 0.760166 0.276675 0.142289 0.0665087 1.14309 0.401306
9.55 1.67805 0.767262 0.693483 0.359389 0.126967 0.0663181 1.18897 0.442439
9.57 1.64068 0.715254 0.787478 0.243846 0.103613 0.069976 1.02986 0.499372
9.59 1.62248 0.687017 0.755044 0.246185 0.129517 0.0555244 1.04131 0.417718
9.61 1.79283 0.70011 0.774226 0.282774 0.117826 0.052031 1.01824 0.3692
9.63 1.77262 0.708439 0.894833 0.218561 0.140117 0.07433 1.02943 0.548666
9.65 1.51923 0.708225 0.775217 0.224689 0.1123 0.0732037 0.951433 0.451953
9.67 1.69016 0.6229 0.763716 0.223974 0.125918 0.060602 1.02927 0.400332
9.69 1.61646 0.703947 0.686109 0.301384 0.113326 0.0523721 0.786178 0.540002
9.71 1.59254 0.681439 0.673269 0.301755 0.124365 0.0554293 1.08452 0.413808
9.73 1.69392 0.720149 0.804888 0.264124 0.119391 0.0584255 0.941059 0.474633
9.75 1.55231 0.647977 0.709569 0.319608 0.118985 0.0736152 1.00189 0.450919
9.77 1.55697 0.621878 0.779259 0.284668 0.098263 0.0582111 1.10325 0.481003
9.79 1.75837 0.710498 0.697048 0.240896 0.140553 0.0615955 0.9386 0.47416
9.81 1.60947 0.705545 0.757496 0.237035 0.110567 0.0631765 1.03158 0.472867
9.83 1.67337 0.597264 0.760359 0.233902 0.125148 0.0637508 0.879087 0.338827
9.85 1.50422 0.66696 0.646497 0.239619 0.124609 0.0610139 0.85672 0.327134
9.87 1.5651 0.706596 0.764225 0.25425 0.0899491 0.0526962 0.986418 0.399505
9.89 1.54178 0.59744 0.610041 0.29916 0.142955 0.0612415 1.0104 0.339401
9.91 1.51083 0.622896 0.731808 0.266703 0.119365 0.0585338 0.969328 0.576721
9.93 1.60394 0.706916 0.660409 0.215233 0.12948 0.0592564 0.864619 0.385828
9.95 1.51563 0.697493 0.772547 0.235491 0.0874588 0.0560042 0.852766 0.39081
9.97 1.59836 0.586007 0.648664 0.335271 0.100216 0.0491491 1.03914 0.34244
9.99 1.53742 0.675029 0.689411 0.213514 0.147939 0.0733675 0.876854 0.500851
10.01 1.30439 0.653701 0.712599 0.260141 0.130945 0.0615918 1.03754 0.339141
10.03 1.50948 0.507946 0.616631 0.293793 0.110049 0.0609939 0.905645 0.312992
10.05 1.68741 0.670743 0.652712 0.173854 0.104753 0.0585092 0.785198 0.290364
10.07 1.39307 0.700735 0.617293 0.192547 0.121328 0.0557284 1.00734 0.488241
10.09 1.61211 0.632071 0.768867 0.400201 0.111995 0.0557284 0.891107 0.42111
10.11 1.51461 0.60382 0.812662 0.297219 0.118465 0.0521591 0.865152 0.372376
10.13 1.58132 0.64853 0.635916 0.249964 0.121711 0.064615 0.879123 0.375982
10.15 1.36397 0.637243 0.560688 0.204791 0.101116 0.0538503 0.87037 0.411959
10.17 1.4776 0.735003 0.691381 0.257989 0.101118 0.055274 0.932969 0.462421
10.19 1.54191 0.535327 0.645907 0.211874 0.134824 0.0647742 0.835523 0.511939
10.21 1.50367 0.541282 0.623681 0.222812 0.0964613 0.0484303 0.903553 0.556116
10.23 1.59609 0.528093 0.722858 0.128541 0.124022 0.0608838 0.937679 0.305582
10.25 1.28171 0.657466 0.642085 0.215972 0.120086 0.0671437 0.849303 0.296453
10.27 1.39413 0.619712 0.678002 0.266864 0.135744 0.0615453 0.988217 0.393803
10.29 1.53564 0.632079 0.552627 0.16642 0.0988426 0.0506844 0.786302 0.428535
10.31 1.36104 0.631968 0.633633 0.269169 0.112438 0.061288 0.888148 0.306732
10.33 1.62719 0.550858 0.684417 0.247789 0.125556 0.0587693 0.69978 0.398521
10.35 1.57336 0.604266 0.720584 0.192293 0.0921811 0.0466797 0.699929 0.487431
10.37 1.42853 0.535226 0.655228 0.254024 0.110456 0.0623246 1.0617 0.477101
10.39 1.36123 0.712639 0.622503 0.268394 0.132184 0.0575304 0.842538 0.366944
10.41 1.41798 0.515511 0.649359 0.20712 0.121214 0.0592906 0.931156 0.44457
10.43 1.45439 0.563659 0.563327 0.259182 0.117304 0.0601756 0.87955 0.297944
10.45 1.5412 0.719154 0.707595 0.281026 0.0989897 0.0512451 0.946947 0.302299
10.47 1.32242 0.599619 0.666928 0.170961 0.110644 0.0550255 0.907641 0.410641
10.49 1.4689 0.601501 0.550777 0.215385 0.122034 0.0586457 0.890066 0.33397
10.51 1.4452 0.547917 0.72931 0.209754 0.093066 0.0568463 0.824808 0.600281
10.53 1.24362 0.644122 0.604678 0.235786 0.129972 0.05053 0.932663 0.451544
10.55 1.59664 0.609601 0.524879 0.232182 0.122214 0.0584246 0.852934 0.315018
10.57 1.32141 0.520641 0.634794 0.300729 0.116356 0.0619516 0.890411 0.263327
10.59 1.44347 0.597842 0.657928 0.216219 0.105639 0.0543033 0.772889 0.356815
10.61 1.26308 0.574025 0.601715 0.259238 0.122558 0.0507163 0.737424 0.319743
10.63 1.39596 0.456912 0.668394 0.199048 0.101243 0.0489971 0.76581 0.364688
10.65 1.51901 0.716058 0.556003 0.20759 0.111981 0.0681447 0.927601 0.36007
10.67 1.4691 0.739609 0.583426 0.235042 0.125135 0.0508632 0.83679 0.377791
10.69 1.28209 0.438472 0.669738 0.151928 0.103053 0.0608817 0.846872 0.35867
10.71 1.3143 0.566968 0.596941 0.159247 0.105524 0.051491 0.913695 0.312268
10.73 1.24064 0.480166 0.481433 0.242633 0.118995 0.0597664 0.723827 0.308977
10.75 1.44023 0.599976 0.575522 0.20282 0.117261 0.0449655 0.923994 0.371302
10.77 1.32655 0.524961 0.610416 0.272286 0.114853 0.0556194 0.771049 0.38035
10.79 1.3536 0.548747 0.496111 0.16509 0.103739 0.065179 0.869021 0.376036
10.81 1.11335 0.504537 0.578466 0.195365 0.0970315 0.0521529 0.836809 0.381529
10.83 1.44767 0.484485 0.551768 0.224308 0.112909 0.0521529 0.673698 0.44587
10.85 1.31414 0.559114 0.610682 0.260968 0.11703 0.0629244 0.796496 0.280206
10.87 1.33645 0.571452 0.579631 0.177034 0.10643 0.0561683 0.782247 0.355639
10.89 1.39889 0.526706 0.60706 0.245702 0.12306 0.0508819 0.683305 0.379543
10.91 1.32884 0.586244 0.472796 0.198344 0.0922106 0.053706 0.778191 0.218947
10.93 1.20697 0.628319 0.590634 0.161129 0.133895 0.0601507 0.811972 0.373576
10.95 1.31308 0.544696 0.572464 0.202432 0.102647 0.0562209 0.87189 0.273334
10.97 1.32242 0.503577 0.633159 0.177424 0.120994 0.0427258 0.627598 0.293238
10.99 1.34195 0.601752 0.603951 0.221888 0.102379 0.0585501 0.860762 0.418523
11.01 1.35397 0.711624 0.583995 0.24525 0.100351 0.0582138 0.624505 0.484446
11.03 1.40187 0.461615 0.528609 0.169574 0.111055 0.0497361 1.01211 0.305682
11.05 1.19068 0.427995 0.568218 0.231008 0.115449 0.0553502 0.806858 0.308425
11.07 1.24879 0.532631 0.566324 0.214911 0.106584 0.0543748 0.860246 0.336546
11.09 1.2896 0.509214 0.590046 0.238833 0.113885 0.0505366 0.805769 0.343607
11.11 1.24828 0.464079 0.523074 0.209945 0.0937454 0.0551945 0.729247 0.311205
11.13 1.40595 0.642112 0.555508 0.223366 0.11599 0.0564781 0.641356 0.289607
11.15 1.25109 0.55927 0.536631 0.198455 0.0988283 0.0478884 0.695184 0.289495
11.17 1.16404 0.53222 0.551589 0.150276 0.117409 0.0573461 0.718902 0.372838
11.19 1.26668 0.480276 0.597838 0.148263 0.116044 0.0479193 0.827174 0.320031
11.21 1.29081 0.54711 0.601195 0.183872 0.10732 0.0489994 0.768908 0.382428
11.23 0.967087 0.393705 0.357063 0.183401 0.108751 0.0554846 0.596624 0.261952
11.25 1.00314 0.486347 0.4793 0.133114 0.116954 0.0549321 0.628449 0.255189
11.27 1.27093 0.495868 0.519229 0.169093 0.0901359 0.0537832 0.676198 0.343777
11.29 1.15711 0.414457 0.532777 0.129998 0.114956 0.0489565 0.764519 0.40939
11.31 1.18677 0.547739 0.488725 0.219245 0.108856 0.0576473 0.628094 0.31414
11.33 1.29328 0.516654 0.440583 0.206569 0.10766 0.0507296 0.744726 0.336734
11.35 1.10373 0.528254 0.462413 0.204559 0.125102 0.0525346 0.771934 0.316844
11.37 1.25228 0.413982 0.495061 0.187347 0.106976 0.0433311 0.93865 0.29821
11.39 1.15474 0.597336 0.534591 0.210364 0.0897221 0.0573088 0.575608 0.428669
11.41 1.25289 0.507229 0.470667 0.198313 0.0849924 0.0414908 0.63261 0.270176
11.43 1.21183 0.49815 0.507869 0.196623 0.134571 0.0626135 0.765617 0.264874
11.45 1.09235 0.394338 0.57004 0.185708 0.0913332 0.0523028 0.719161 0.343656
11.47 1.13064 0.544961 0.529304 0.129021 0.125263 0.0517991 0.748359 0.21597
11.49 1.30612 0.474154 0.563457 0.184121 0.102066 0.0526084 0.641141 0.242384
11.51 1.04907 0.408217 0.555585 0.224307 0.094318 0.0540254 0.676543 0.216581
11.53 1.22213 0.512672 0.590852 0.165032 0.120517 0.0518928 0.786611 0.408243
11.55 1.08173 0.492266 0.440035 0.160719 0.0950861 0.0435802 0.701176 0.324139
11.57 1.23846 0.468573 0.472413 0.196538 0.111904 0.0615795 0.544652 0.300587
11.59 1.08412 0.530195 0.515747 0.149516 0.115998 0.048862 0.683143 0.301124
11.61 1.04771 0.484976 0.354762 0.140101 0.109774 0.0575993 0.765421 0.283051
11.63 1.24842 0.503386 0.433587 0.156436 0.10833 0.0532793 0.700283 0.3914
11.65 1.20608 0.427144 0.576942 0.159305 0.100264 0.0404193 0.832156 0.272097
11.67 1.18089 0.531439 0.409951 0.156506 0.129247 0.0494749 0.707291 0.298533
11.69 1.14266 0.427869 0.478205 0.193642 0.0894784 0.0581548 0.584972 0.333446
11.71 1.18337 0.408691 0.500417 0.231131 0.0823879 0.0472254 0.681667 0.18593
11.73 1.19297 0.497526 0.450561 0.191919 0.121159 0.0558723 0.693666 0.349731
11.75 1.03821 0.514071 0.691813 0.2009 0.123579 0.0543174 0.657204 0.286495
11.77 1.16609 0.546253 0.482295 0.1839 0.126346 0.0429111 0.616914 0.269026
11.79 1.05687 0.490754 0.469624 0.165857 0.0825461 0.0574455 0.589268 0.280332
11.81 1.14352 0.41976 0.463896 0.179102 0.0948663 0.0462856 0.508712 0.283814
11.83 1.0136 0.601593 0.53069 0.203116 0.115084 0.0574837 0.613579 0.36123
11.85 1.27931 0.329828 0.432771 0.118006 0.106103 0.0494023 0.667593 0.245183
11.87 0.997524 0.372314 0.348623 0.1967 0.110613 0.0489287 0.678329 0.251262
11.89 1.04241 0.464112 0.556985 0.139576 0.107915 0.0543653 0.762122 0.411722
11.91 1.11774 0.422385 0.497936 0.158806 0.111697 0.0487244 0.694853 0.324854
11.93 1.02905 0.450791 0.367767 0.166098 0.0990862 0.0571251 0.716421 0.25368
11.95 1.12721 0.441701 0.447977 0.193459 0.123885 0.0483635 0.766669 0.234056
11.97 1.22431 0.460202 0.464789 0.15424 0.0960509 0.0618837 0.596454 0.304331
11.99 1.05397 0.478996 0.507034 0.181393 0.102054 0.0388983 0.730506 0.269475
12.01 1.03618 0.501563 0.464036 0.211572 0.0794839 0.0337879 0.618749 0.36526
12.03 1.12366 0.395885 0.457807 0.165582 0.12795 0.0555622 0.643865 0.330979
12.05 1.01449 0.4462 0.421671 0.192635 0.112331 0.0634089 0.763685 0.243283
12.07 1.1496 0.496295 0.484825 0.110985 0.103951 0.0409559 0.667209 0.21365
12.09 1.0427 0.503996 0.508649 0.17563 0.106879 0.0596376 0.710103 0.283752
12.11 1.0839 0.37849 0.398589 0.134319 0.132828 0.0446259 0.642571 0.266341
12.13 0.960649 0.424059 0.430232 0.190646 0.101574 0.0577511 0.566219 0.393352
12.15 1.02717 0.444906 0.465182 0.169851 0.0798862 0.0497762 0.64776 0.255964
12.17 0.984751 0.382724 0.471402 0.184523 0.107859 0.0478184 0.702432 0.273668
12.19 1.07567 0.42446 0.378899 0.185642 0.105862 0.0515542 0.59781 0.24502
12.21 1.1719 0.433288 0.382385 0.119372 0.113126 0.055082 0.628744 0.25259
12.23 1.03693 0.420515 0.468747 0.15517 0.0924127 0.0439418 0.504784 0.232814
12.25 0.962338 0.443931 0.482445 0.143915 0.115451 0.0487573 0.564689 0.201129
12.27 1.01121 0.444121 0.532314 0.134263 0.120236 0.0476613 0.639625 0.304701
12.29 1.06588 0.421499 0.398433 0.179478 0.0837603 0.0540636 0.563249 0.296208
12.31 0.888797 0.501762 0.420488 0.166766 0.111949 0.0448831 0.556215 0.268495
12.33 1.08083 0.367127 0.450648 0.164131 0.100368 0.0529219 0.596751 0.365392
12.35 1.17814 0.41797 0.434556 0.117761 0.120892 0.0517145 0.711409 0.223721
12.37 0.949798 0.3156 0.458821 0.138366 0.105223 0.0570822 0.627641 0.274006
12.39 1.00154 0.419481 0.416164 0.146192 0.083071 0.0406792 0.612301 0.278885
12.41 0.996494 0.447754 0.357663 0.148245 0.0956067 0.0567044 0.623256 0.318829
12.43 1.02807 0.338243 0.357592 0.143583 0.104298 0.0409133 0.552364 0.192518
12.45 0.942663 0.487498 0.462198 0.204605 0.106964 0.0501858 0.548188 0.259533
12.47 0.99788 0.433928 0.397475 0.137339 0.103639 0.0488417 0.577119 0.256866
12.49 0.939738 0.375437 0.394651 0.162953 0.107037 0.0481991 0.662114 0.209627
12.51 1.02235 0.402959 0.462851 0.263483 0.111484 0.0473702 0.617673 0.313852
12.53 1.11175 0.474597 0.475255 0.216112 0.109686 0.04048 0.663713 0.311262
12.55 1.19118 0.490758 0.482077 0.192318 0.0921488 0.0597663 0.742657 0.36005
12.57 1.12218 0.522207 0.499979 0.143414 0.0998866 0.0515086 0.7678 0.251577
12.59 0.905437 0.437741 0.448871 0.107809 0.0998866 0.0430646 0.757823 0.235319
12.61 0.841506 0.390103 0.377933 0.151125 0.0797807 0.0437594 0.468588 0.253565
12.63 0.835763 0.252518 0.361495 0.0740515 0.0981916 0.0592436 0.491368 0.268901
12.65 0.888831 0.350463 0.284112 0.135492 0.129762 0.0435264 0.484639 0.18728
12.67 0.93676 0.430041 0.372944 0.0487845 0.0997186 0.0423625 0.361094 0.198313
12.69 0.748766 0.349871 0.411728 0.144318 0.104054 0.0520453 0.557697 0.226312
12.71 0.998747 0.4189 0.346844 0.13816 0.104125 0.0534826 0.426423 0.158708
12.73 0.873654 0.321342 0.333976 0.132129 0.105612 0.0456175 0.565037 0.196615
12.75 0.928793 0.226032 0.41981 0.149099 0.0921677 0.0433176 0.588391 0.281552
12.77 0.957097 0.414472 0.492965 0.144492 0.117697 0.0408923 0.507045 0.278103
12.79 1.01885 0.433152 0.34676 0.138679 0.0921106 0.0572492 0.711433 0.260385
12.81 0.835745 0.428625 0.319635 0.107437 0.114779 0.0406371 0.647687 0.147488
12.83 1.06408 0.357981 0.373764 0.0944026 0.0815899 0.0491285 0.588133 0.211386
12.85 0.892405 0.441857 0.344707 0.12291 0.124157 0.0603113 0.609019 0.237855
12.87 0.890294 0.305765 0.406128 0.161476 0.0977918 0.0456591 0.583703 0.236206
12.89 0.94213 0.399558 0.385514 0.176132 0.0932783 0.0442962 0.437963 0.345402
12.91 0.876183 0.382807 0.362123 0.123642 0.104346 0.0474694 0.419312 0.256424
12.93 0.851664 0.433332 0.409861 0.145538 0.107825 0.0460088 0.665609 0.24467
12.95 0.889655 0.326457 0.388422 0.176636 0.0978734 0.0537348 0.450331 0.279273
12.97 0.812685 0.378578 0.448482 0.0852586 0.0956047 0.0509676 0.551201 0.169385
12.99 1.01642 0.34946 0.289272 0.164343 0.105495 0.0411661 0.539888 0.233009
13.01 0.938736 0.38859 0.355981 0.112921 0.122674 0.0560558 0.428517 0.174189
13.03 0.828575 0.343136 0.397138 0.178715 0.0862034 0.0455041 0.49934 0.285361
13.05 0.904628 0.384719 0.354856 0.148993 0.105929 0.0379408 0.6163 0.20109
13.07 0.917743 0.337915 0.326456 0.114595 0.0828917 0.0486592 0.591771 0.26161
13.09 0.944698 0.382548 0.380817 0.171967 0.112648 0.0503371 0.512398 0.308009
13.11 0.884292 0.402464 0.31603 0.148117 0.105679 0.0469807 0.420977 0.235961
13.13 0.842984 0.280878 0.325264 0.135502 0.103792 0.0455571 0.599729 0.24635
13.15 0.933716 0.456558 0.386683 0.0727675 0.118836 0.0566365 0.671784 0.216957
13.17 0.823134 0.336415 0.426426 0.123249 0.0973982 0.0415526 0.664552 0.146871
13.19 1.00612 0.364575 0.456284 0.111478 0.0834842 0.0467467 0.448451 0.256452
13.21 0.894939 0.362694 0.395802 0.120349 0.0725849 0.0385759 0.662555 0.180768
13.23 0.768645 0.363131 0.346247 0.182634 0.106967 0.0488628 0.473025 0.261242
13.25 0.967356 0.427283 0.364656 0.129785 0.130441 0.0549927 0.478843 0.169954
13.27 0.889067 0.337263 0.32658 0.0800177 0.121216 0.0616707 0.615174 0.30544
13.29 0.853484 0.425742 0.273582 0.136077 0.0764595 0.032176 0.579814 0.27855
13.31 0.795166 0.357758 0.397961 0.159907 0.0835633 0.032744 0.361055 0.264049
13.33 0.951928 0.301216 0.405347 0.119947 0.115514 0.0521478 0.404284 0.244155
13.35 0.870254 0.355436 0.4008 0.151008 0.12625 0.057083 0.482822 0.133252
13.37 0.78494 0.351956 0.364 0.101444 0.0744351 0.0442528 0.590593 0.30631
13.39 0.914331 0.245896 0.413189 0.123352 0.106014 0.048678 0.402118 0.227122
13.41 0.798947 0.322387 0.328659 0.151972 0.0847085 0.0368133 0.499398 0.176785
13.43 0.858949 0.409826 0.320266 0.137669 0.128096 0.0515386 0.578423 0.163223
13.45 0.943618 0.376834 0.340531 0.186375 0.0605899 0.0413923 0.582803 0.223986
13.47 0.741793 0.339085 0.35818 0.0876817 0.114293 0.050019 0.504097 0.229194
13.49 0.847781 0.396366 0.350976 0.121732 0.115817 0.0535917 0.598416 0.184895
13.51 0.84047 0.315365 0.443942 0.103762 0.105328 0.0513625 0.51066 0.225921
13.53 0.801651 0.37971 0.255692 0.123791 0.0936245 0.0424851 0.510427 0.209928
13.55 0.840395 0.381264 0.335788 0.0912141 0.091147 0.0425171 0.568174 0.275811
13.57 0.914897 0.323065 0.327834 0.12357 0.0990842 0.0457276 0.428885 0.256342
13.59 0.78445 0.314882 0.250462 0.186551 0.111666 0.0495383 0.438221 0.191552
13.61 0.789943 0.361843 0.408034 0.14253 0.0897511 0.0428338 0.42144 0.167104
13.63 0.866167 0.401665 0.337716 0.140567 0.115394 0.0515344 0.423094 0.189473
13.65 0.902264 0.359746 0.339968 0.119464 0.0916298 0.0369122 0.461593 0.185682
13.67 0.715838 0.289361 0.320938 0.126364 0.0795763 0.0543719 0.661534 0.240448
13.69 0.877533 0.312428 0.304041 0.14321 0.121459 0.0440853 0.436461 0.123443
13.71 0.751779 0.323326 0.401166 0.101698 0.101038 0.0462809 0.586211 0.230369
13.73 0.869172 0.341972 0.379031 0.0933408 0.105001 0.0414932 0.391997 0.233797
13.75 0.756785 0.280985 0.293887 0.13279 0.086017 0.0452609 0.670268 0.185441
13.77 0.740498 0.294745 0.377165 0.147033 0.0970505 0.0392596 0.521616 0.21627
13.79 0.854879 0.33207 0.292326 0.089478 0.105275 0.055384 0.457003 0.244276
13.81 0.789603 0.338212 0.234114 0.130433 0.103202 0.0380625 0.436193 0.182151
13.83 0.827895 0.310651 0.347565 0.0851928 0.103202 0.0503596 0.41715 0.308217
13.85 0.727019 0.416776 0.284403 0.126724 0.0885817 0.0470828 0.484432 0.288235
13.87 0.912047 0.291068 0.337438 0.0793546 0.114395 0.0578277 0.439861 0.174244
13.89 0.792664 0.278163 0.394613 0.14645 0.0811836 0.0321265 0.472639 0.232264
13.91 0.793842 0.372295 0.396144 0.100855 0.0948862 0.0429557 0.536952 0.144684
13.93 0.834833 0.305395 0.253294 0.117089 0.0930257 0.0453872 0.488283 0.128059
13.95 0.681148 0.27828 0.317223 0.159516 0.100955 0.0454675 0.469091 0.158813
13.97 0.768008 0.322129 0.366244 0.122596 0.0987434 0.0474693 0.467591 0.208157
13.99 0.732438 0.404788 0.317137 0.123172 0.0987434 0.0418013 0.539872 0.231603
14.01 0.900426 0.356347 0.32496 0.117048 0.0892405 0.0474819 0.494667 0.239571
14.03 0.885855 0.416944 0.392249 0.166164 0.114175 0.0416914 0.559969 0.225611
14.05 0.828918 0.398857 0.371125 0.0910057 0.0854366 0.0494233 0.470788 0.219853
14.07 0.878284 0.380174 0.358122 0.125793 0.0930644 0.0402906 0.480015 0.234499
14.09 0.78992 0.361464 0.351453 0.129731 0.0998327 0.0416564 0.592485 0.259387
14.11 1.01913 0.353418 0.32897 0.15313 0.103176 0.0517596 0.670869 0.166151
14.13 0.645536 0.272669 0.307184 0.119836 0.0962976 0.0395386 0.357026 0.133171
14.15 0.576946 0.204555 0.290204 0.119866 0.0761339 0.0411408 0.421472 0.194324
14.17 0.642239 0.221183 0.197615 0.0958939 0.0817741 0.0455901 0.287621 0.143849
14.19 0.750335 0.287903 0.269094 0.113199 0.120509 0.0403585 0.48239 0.201927
14.21 0.650391 0.246473 0.2367 0.0453094 0.0850072 0.0555866 0.363352 0.168791
14.23 0.614014 0.29648 0.254742 0.0780208 0.0964505 0.0340931 0.339054 0.156678
14.25 0.612313 0.297543 0.30222 0.0529734 0.107983 0.0355041 0.479654 0.207218
14.27 0.7573 0.427527 0.329152 0.0944151 0.0923033 0.0462671 0.671695 0.21464
14.29 0.755067 0.27421 0.336597 0.0903946 0.09538 0.0462671 0.373377 0.164639
14.31 0.729556 0.289623 0.282028 0.0491239 0.105278 0.0382825 0.369277 0.125175
14.33 0.743014 0.241921 0.354439 0.101599 0.098698 0.0414204 0.436634 0.273814
14.35 0.693929 0.315749 0.255882 0.0891447 0.0857009 0.0530213 0.478965 0.153836
14.37 0.768833 0.296261 0.279256 0.130773 0.0905437 0.0359023 0.443032 0.190766
14.39 0.814937 0.293399 0.32587 0.115373 0.0958698 0.048305 0.420014 0.222532
14.41 0.851212 0.286066 0.243549 0.119195 0.106706 0.0499072 0.391386 0.166909
14.43 0.598908 0.31718 0.363185 0.0950873 0.0785193 0.0399258 0.404825 0.196625
14.45 0.639201 0.228347 0.315859 0.133876 0.0945616 0.0367944 0.468742 0.179781
14.47 0.688694 0.22025 0.251604 0.139011 0.086441 0.0416139 0.4066 0.112194
14.49 0.747267 0.3418 0.248215 0.134142 0.108554 0.047779 0.406625 0.169978
14.51 0.817474 0.237664 0.280468 0.0931463 0.0853626 0.0404461 0.424949 0.227019
14.53 0.73588 0.332498 0.231693 0.121032 0.101884 0.0438737 0.38889 0.213168
14.55 0.678982 0.352244 0.219609 0.0814954 0.0933977 0.0411995 0.385734 0.169064
14.57 0.73094 0.309738 0.312615 0.15133 0.111146 0.0397591 0.483019 0.195334
14.59 0.632962 0.223229 0.337913 0.0932546 0.0814029 0.0496989 0.374356 0.217347
14.61 0.676236 0.318486 0.258163 0.0722659 0.0840442 0.0445414 0.441272 0.148127
14.63 0.706484 0.240441 0.221815 0.118639 0.10911 0.0375085 0.451804 0.166707
14.65 0.675129 0.347586 0.30354 0.0979459 0.0887382 0.0548307 0.309903 0.194908
14.67 0.77053 0.320194 0.313906 0.126988 0.0882795 0.0415981 0.437215 0.0993707
14.69 0.729484 0.287036 0.317413 0.0806544 0.101154 0.0353191 0.493171 0.284385
14.71 0.61241 0.28312 0.367926 0.0961625 0.0830361 0.0372902 0.365966 0.188712
14.73 0.715259 0.26046 0.304917 0.123995 0.118623 0.0545711 0.524207 0.155742
14.75 0.702845 0.322941 0.330854 0.1173 0.0763374 0.0329373 0.401432 0.14835
14.77 0.598827 0.330103 0.368738 0.0534737 0.073309 0.0360629 0.24073 0.11725
14.79 0.766097 0.22337 0.176953 0.151853 0.117869 0.0516195 0.483912 0.190462
14.81 0.593524 0.345568 0.330685 0.0668439 0.088035 0.0465104 0.44881 0.123886
14.83 0.775508 0.242748 0.309012 0.0680435 0.121648 0.0443963 0.423424 0.233638
14.85 0.702039 0.279783 0.230137 0.0875223 0.0651361 0.0311602 0.428397 0.13968
14.87 0.715816 0.354452 0.318606 0.0906782 0.0979204 0.0480617 0.342997 0.205096
14.89 0.658464 0.323586 0.27871 0.122149 0.0940036 0.0409035 0.452243 0.150257
14.91 0.679052 0.263979 0.263152 0.071497 0.0709535 0.0439793 0.527604 0.195687
14.93 0.713545 0.237203 0.195012 0.136611 0.109978 0.0370352 0.442115 0.203643
14.95 0.597745 0.249454 0.306389 0.108894 0.0858286 0.0412191 0.298955 0.21399
14.97 0.728429 0.299404 0.205714 0.0928832 0.0904929 0.0454139 0.41522 0.141603
14.99 0.74689 0.226316 0.287047 0.133633 0.106782 0.0418096 0.527009 0.169442
15.01 0.718616 0.239504 0.263345 0.116836 0.0865932 0.0331819 0.339168 0.210135
15.03 0.652094 0.191978 0.259606 0.0907383 0.105149 0.0533513 0.337395 0.273315
15.05 0.561563 0.332033 0.242055 0.0501801 0.0788519 0.0369619 0.435914 0.151077
15.07 0.603515 0.249726 0.303739 0.0893264 0.0745962 0.0334396 0.348039 0.177624
15.09 0.665324 0.289622 0.312839 0.0902391 0.115862 0.0508283 0.494992 0.154352
15.11 0.690009 0.35661 0.26272 0.0916916 0.10624 0.0372536 0.426485 0.137484
15.13 0.680624 0.231267 0.245263 0.0914625 0.0945796 0.0513001 0.35943 0.114155
15.15 0.710814 0.326395 0.24208 0.144485 0.0901561 0.0342278 0.404495 0.172266
15.17 0.588648 0.302629 0.300721 0.0990011 0.0834124 0.0472957 0.426625 0.172258
15.19 0.750213 0.245083 0.247082 0.103519 0.0834124 0.0358795 0.427752 0.180832
15.21 0.588834 0.302736 0.293592 0.0585648 0.0764724 0.0413418 0.348689 0.159112
15.23 0.768469 0.227621 0.27844 0.0872696 0.0910386 0.0355394 0.374782 0.107215
15.25 0.705687 0.275513 0.149312 0.145622 0.0916725 0.0421055 0.459341 0.0849347
15.27 0.640497 0.257207 0.327607 0.119559 0.0910448 0.0363482 0.31314 0.107192
15.29 0.634494 0.173364 0.285527 0.101831 0.104051 0.0487066 0.33061 0.256799
15.31 0.683618 0.250267 0.186208 0.100139 0.13013 0.0456164 0.452935 0.142008
15.33 0.662333 0.254614 0.304823 0.112518 0.071704 0.0374054 0.286465 0.17478
15.35 0.622017 0.232652 0.260214 0.0804128 0.0527691 0.038788 0.450325 0.175396
15.37 0.655661 0.285623 0.296361 0.0705117 0.0886654 0.0430393 0.39534 0.220173
15.39 0.675415 0.355791 0.22155 0.0667607 0.107223 0.0371703 0.333595 0.213146
15.41 0.55329 0.288352 0.307239 0.125066 0.0696556 0.0458146 0.45505 0.165356
15.43 0.621893 0.258806 0.215505 0.0771269 0.103428 0.0295886 0.349454 0.136944
15.45 0.66876 0.215579 0.294077 0.114457 0.102691 0.0444496 0.397266 0.164864
15.47 0.642927 0.294125 0.25845 0.052664 0.0811703 0.0392666 0.433809 0.128726
15.49 0.620857 0.269806 0.182347 0.0861545 0.0894955 0.0407769 0.336317 0.165753
15.51 0.56622 0.280607 0.305746 0.0566474 0.0947092 0.0320679 0.324683 0.177579
15.53 0.690195 0.222172 0.234783 0.143752 0.0871324 0.0485878 0.315299 0.166903
15.55 0.607152 0.29852 0.276787 0.047467 0.0798701 0.0345231 0.358634 0.199536
15.57 0.603939 0.277695 0.289839 0.112806 0.0929412 0.0372294 0.430435 0.159767
15.59 0.651867 0.244544 0.228569 0.0765436 0.0874741 0.0452593 0.383812 0.130249
15.61 0.61678 0.288327 0.196585 0.0628343 0.0747824 0.0354828 0.45157 0.10202
15.63 0.615518 0.21315 0.201152 0.11327 0.0897388 0.0424251 0.381912 0.150424
15.65 0.589832 0.322855 0.22941 0.119798 0.0959736 0.0418346 0.370559 0.184764
15.67 0.549786 0.210461 0.208703 0.0765173 0.0947852 0.032028 0.435007 0.136846
15.69 0.622196 0.187757 0.251702 0.0671252 0.0822664 0.0435581 0.351667 0.156689
15.71 0.614867 0.236655 0.259003 0.0873116 0.0870946 0.0379421 0.324407 0.155885
15.73 0.671985 0.215791 0.275167 0.0979642 0.0794547 0.0385744 0.379227 0.191852
15.75 0.686618 0.305888 0.259921 0.103715 0.0847112 0.0396968 0.411294 0.171666
15.77 0.7862 0.334571 0.331946 0.0945711 0.0757194 0.0401016 0.53077 0.229017
15.79 0.62583 0.258186 0.223765 0.0847659 0.105722 0.0365632 0.43755 0.191647
15.81 0.568456 0.232793 0.317609 0.105617 0.0833976 0.0425268 0.463649 0.155936
15.83 0.611468 0.291408 0.256458 0.0912001 0.0953115 0.0361077 0.309909 0.163553
15.85 0.648641 0.251223 0.219033 0.0632228 0.0770866 0.0365768 0.333135 0.119555
15.87 0.538826 0.243201 0.220183 0.0725207 0.0964712 0.0340731 0.337199 0.200341
15.89 0.552458 0.204545 0.260562 0.0795342 0.0757988 0.0412464 0.460484 0.124559
15.91 0.535377 0.184158 0.160617 0.0632125 0.0710631 0.0322933 0.285756 0.0909886
15.93 0.560701 0.215339 0.152684 0.0580665 0.112865 0.0343768 0.28318 0.118172
15.95 0.650014 0.259561 0.178233 0.113251 0.0570102 0.0473077 0.277198 0.125353
15.97 0.534924 0.239151 0.225331 0.0453003 0.0998961 0.0376775 0.241975 0.0866807
15.99 0.477978 0.196005 0.216241 0.104233 0.0850967 0.0376775 0.284608 0.150467
16.01 0.597706 0.325238 0.214251 0.0820608 0.10116 0.0288033 0.401518 0.10597
16.03 0.589764 0.261428 0.228419 0.0899615 0.0563843 0.0438597 0.363658 0.164473
16.05 0.543692 0.266982 0.244359 0.088986 0.110696 0.0349286 0.312827 0.143808
16.07 0.506509 0.207275 0.231366 0.0846063 0.0801728 0.0364714 0.360447 0.174796
16.09 0.546127 0.182534 0.215433 0.0829018 0.0756347 0.0441865 0.403981 0.119169
16.11 0.585987 0.200351 0.288376 0.0673328 0.0770016 0.0409413 0.265 0.133782
16.13 0.54656 0.284931 0.172604 0.0723481 0.0908223 0.0338553 0.352262 0.152492
16.15 0.568505 0.195208 0.266318 0.0562281 0.0843536 0.0375741 0.281675 0.134799
16.17 0.572928 0.19298 0.202 0.0530864 0.0838795 0.0438935 0.298883 0.155243
16.19 0.630072 0.315921 0.1824 0.101345 0.0859253 0.0308188 0.304648 0.120603
16.21 0.593051 0.276542 0.178588 0.0836313 0.0812881 0.0436044 0.3197 0.144943
16.23 0.631123 0.171236 0.253689 0.0812622 0.0931839 0.036896 0.46176 0.173314
16.25 0.676521 0.178259 0.232651 0.0836493 0.0658805 0.0309696 0.412892 0.0929646
16.27 0.532323 0.283047 0.176655 0.113041 0.0799228 0.0391817 0.342838 0.192534
16.29 0.527436 0.179642 0.292873 0.103438 0.0994595 0.0351835 0.257903 0.108708
16.31 0.591552 0.245337 0.23907 0.0750817 0.0599816 0.0323111 0.393351 0.160661
16.33 0.633585 0.255022 0.235096 0.105471 0.0909398 0.042831 0.170223 0.127653
16.35 0.448537 0.311986 0.204286 0.0439933 0.0936604 0.0344294 0.366095 0.118605
16.37 0.632853 0.2595 0.22254 0.0703923 0.0819116 0.0361987 0.345479 0.155786
16.39 0.554883 0.203259 0.183206 0.0699679 0.090815 0.038739 0.322413 0.0989604
16.41 0.528748 0.270446 0.199469 0.0307111 0.0792497 0.0357609 0.348085 0.167421
16.43 0.503411 0.200823 0.270928 0.0493832 0.0901807 0.0357609 0.401391 0.0857743
16.45 0.639384 0.261744 0.220305 0.0993583 0.0516538 0.0308931 0.420011 0.243673
16.47 0.673863 0.234375 0.17562 0.0807688 0.105945 0.0391615 0.286359 0.203198
16.49 0.482643 0.102972 0.235728 0.091279 0.0876784 0.0415349 0.365762 0.0690266
16.51 0.517222 0.203172 0.180824 0.0721259 0.0916997 0.046409 0.354507 0.107961
16.53 0.618933 0.288259 0.208771 0.0425851 0.0674263 0.0301357 0.232359 0.114005
16.55 0.43326 0.225866 0.201165 0.0581092 0.0902332 0.0386345 0.406144 0.15098
16.57 0.536328 0.195593 0.201379 0.0559383 0.095633 0.0443105 0.326253 0.121346
16.59 0.575565 0.212696 0.363973 0.0926311 0.0669431 0.0221553 0.180773 0.208301
16.61 0.552749 0.240009 0.134656 0.0804749 0.0829873 0.0380577 0.430986 0.116758
16.63 0.537707 0.292451 0.245922 0.0839772 0.0778006 0.0315336 0.25297 0.140001
16.65 0.636703 0.160585 0.192324 0.0812032 0.0916216 0.0340176 0.394539 0.0946713
16.67 0.708043 0.209604 0.159843 0.0865008 0.0810885 0.03643 0.293678 0.0882159
16.69 0.410837 0.234852 0.26917 0.0964252 0.0754962 0.040073 0.41909 0.129805
16.71 0.561122 0.270611 0.194298 0.0626636 0.0809597 0.0381422 0.314874 0.198916
16.73 0.544757 0.160463 0.212862 0.0809631 0.0809597 0.0339812 0.379665 0.122351
16.75 0.533293 0.220436 0.214773 0.136819 0.0823392 0.0312066 0.29458 0.110566
16.77 0.499046 0.21364 0.166288 0.074994 0.0838819 0.0321181 0.444195 0.112573
16.79 0.51541 0.162881 0.262893 0.0603313 0.0777442 0.0430675 0.242282 0.113024
16.81 0.576063 0.210876 0.173874 0.0580197 0.0794674 0.040968 0.290259 0.141544
16.83 0.481582 0.218737 0.3042 0.0651474 0.0753921 0.0275603 0.413184 0.128247
16.85 0.532721 0.230618 0.1698 0.0935928 0.0828136 0.0344951 0.316955 0.143224
16.87 0.597393 0.221431 0.176848 0.080629 0.107845 0.0441094 0.403328 0.273164
16.89 0.413766 0.303785 0.224178 0.113578 0.0570943 0.0297259 0.225491 0.12091
16.91 0.560084 0.264731 0.176277 0.0367724 0.0972097 0.0373756 0.29923 0.117701
16.93 0.671261 0.173434 0.149909 0.0737491 0.0523437 0.026076 0.28602 0.0865368
16.95 0.594947 0.236021 0.282245 0.0542505 0.0854127 0.0442841 0.344067 0.059997
16.97 0.51651 0.245467 0.209467 0.0571181 0.0803584 0.0309515 0.250999 0.209775
16.99 0.495003 0.165686 0.17472 0.0538608 0.0838523 0.036454 0.305331 0.0791718
17.01 0.458071 0.205844 0.246063 0.0774401 0.0774114 0.0438309 0.274679 0.0983188
17.03 0.54709 0.203174 0.204686 0.0746319 0.0736352 0.025694 0.337241 0.0755235
17.05 0.552728 0.25164 0.223805 0.0710596 0.0821276 0.0357197 0.265872 0.11956
17.07 0.580339 0.148279 0.175179 0.0501352 0.0803287 0.0288176 0.343784 0.134324
17.09 0.529033 0.232592 0.199448 0.0699909 0.0820749 0.0392967 0.343046 0.109132
17.11 0.498057 0.216075 0.16464 0.0671036 0.0565596 0.0318047 0.325462 0.173325
17.13 0.578491 0.254726 0.219987 0.10442 0.100551 0.0359275 0.278743 0.0981494
17.15 0.460553 0.241027 0.172729 0.11 0.0850421 0.0423108 0.257594 0.159089
17.17 0.51247 0.290646 0.222499 0.0547029 0.0878185 0.0340744 0.233686 0.0995142
17.19 0.505087 0.161968 0.280091 0.0742857 0.0618441 0.0273931 0.38709 0.135744
17.21 0.60874 0.13567 0.195174 0.0819641 0.0866016 0.0429177 0.258511 0.16748
17.23 0.441761 0.218633 0.153929 0.0722566 0.0980395 0.0309962 0.363173 0.144473
17.25 0.51154 0.197886 0.126298 0.0459773 0.0437415 0.0280374 0.167127 0.0524938
17.27 0.49692 0.214143 0.151857 0.0465377 0.095025 0.030439 0.435365 0.144649
17.29 0.525575 0.188914 0.235807 0.0780419 0.0644813 0.0372032 0.373511 0.143567
17.31 0.530824 0.22522 0.17329 0.0386592 0.0733605 0.038836 0.163632 0.12436
17.33 0.53822 0.207367 0.268075 0.0905596 0.0793736 0.029792 0.254733 0.0877653
17.35 0.493792 0.16147 0.170483 0.0962458 0.0838511 0.0382143 0.350923 0.107913
17.37 0.497847 0.227426 0.187932 0.065291 0.0651949 0.0283102 0.246133 0.118789
17.39 0.524494 0.222109 0.204934 0.0479193 0.0820194 0.0324532 0.239707 0.114007
17.41 0.505394 0.205048 0.120353 0.0798228 0.0924387 0.0317488 0.355414 0.127504
17.43 0.546492 0.205886 0.159619 0.101826 0.0734072 0.034191 0.372411 0.154857
17.45 0.535829 0.169645 0.238111 0.0678905 0.0475461 0.0252784 0.25102 0.0639993
17.47 0.395277 0.252818 0.165335 0.0786604 0.0538463 0.0204572 0.257163 0.166278
17.49 0.499461 0.226213 0.21997 0.0592704 0.112308 0.0538706 0.319488 0.0869807
17.51 0.509605 0.206477 0.214256 0.0969803 0.0825594 0.0325584 0.393684 0.133808
17.53 0.491285 0.162379 0.220776 0.0467286 0.0825594 0.0343026 0.253955 0.126319
17.55 0.580738 0.247054 0.173249 0.0710737 0.0612281 0.0270184 0.381743 0.084922
17.57 0.481269 0.151498 0.207323 0.0707824 0.0627896 0.0363324 0.255795 0.208493
17.59 0.521437 0.215878 0.178911 0.0675358 0.0859944 0.0332003 0.284306 0.114935
17.61 0.494059 0.178018 0.152645 0.0676288 0.0905472 0.0338021 0.278795 0.133298
17.63 0.455366 0.177403 0.153147 0.0667608 0.0714847 0.0301804 0.201824 0.122578
17.65 0.503129 0.242929 0.189383 0.0611023 0.0490141 0.0276659 0.299529 0.0861406
17.67 0.483304 0.203227 0.146225 0.0374369 0.0860518 0.0405754 0.287848 0.0453505
17.69 0.443942 0.200582 0.18535 0.0961338 0.0734588 0.0289824 0.239353 0.134809
17.71 0.44299 0.181596 0.183027 0.0494073 0.101952 0.0511849 0.275703 0.13505
17.73 0.469785 0.210059 0.166817 0.0739613 0.0570928 0.0142842 0.231895 0.0786706
17.75 0.496344 0.225729 0.292368 0.0463706 0.0335839 0.0243381 0.278453 0.19581
17.77 0.587145 0.310511 0.258557 0.12401 0.0455775 0.0175944 0.3406 0.165581
17.79 0.464803 0.177608 0.150967 0.0778767 0.127617 0.0515264 0.36941 0.11363
17.81 0.410121 0.182234 0.143158 0.0509896 0.0645943 0.0306211 0.294622 0.129519
17.83 0.474011 0.206387 0.209741 0.0241214 0.0625757 0.0329177 0.347457 0.0640384
17.85 0.553741 0.183087 0.139348 0.045588 0.0941236 0.0276832 0.220768 0.0974277
17.87 0.479964 0.152136 0.162738 0.0423632 0.0716974 0.0303131 0.254344 0.0726136
17.89 0.432129 0.178497 0.132312 0.0233323 0.0698106 0.0358808 0.301986 0.149886
17.91 0.446956 0.137947 0.147809 0.0168965 0.0729598 0.0298589 0.243205 0.0859246
17.93 0.458198 0.157404 0.145978 0.0935401 0.0601918 0.0306659 0.201554 0.0683732
17.95 0.504006 0.233817 0.150385 0.0848512 0.0820406 0.0355126 0.259872 0.105334
17.97 0.497681 0.143571 0.173401 0.0833494 0.0605793 0.0316568 0.258066 0.106582
17.99 0.403461 0.222128 0.202536 0.0511474 0.084811 0.0285683 0.194442 0.142268
18.01 0.457493 0.227186 0.261456 0.0532854 0.085088 0.03436 0.336256 0.115704
18.03 0.426545 0.19824 0.19118 0.0775177 0.0591916 0.0276374 0.220202 0.1216
18.05 0.5157 0.15943 0.160654 0.0853137 0.0778741 0.0294143 0.196222 0.155275
18.07 0.52389 0.184971 0.131824 0.0652291 0.06805 0.0355685 0.296876 0.114379
18.09 0.44248 0.219879 0.209856 0.06198 0.06805 0.0280804 0.243306 0.140164
18.11 0.412306 0.16063 0.191521 0.0575426 0.0678013 0.0385326 0.17427 0.113848
18.13 0.454346 0.223946 0.144593 0.0620507 0.0813616 0.0290684 0.209022 0.124246
18.15 0.458517 0.22749 0.165495 0.0389608 0.0615759 0.027662 0.256479 0.0852733
18.17 0.55452 0.196179 0.14626 0.048652 0.0600336 0.0316484 0.303426 0.0614843
18.19 0.405703 0.11275 0.15353 0.0455562 0.0850476 0.0269012 0.27425 0.0828255
18.21 0.405308 0.152546 0.143737 0.050583 0.0707859 0.0302671 0.249542 0.122005
18.23 0.537546 0.21319 0.143659 0.0742627 0.0723247 0.0385905 0.273533 0.0751823
18.25 0.484246 0.22919 0.149136 0.0402712 0.059567 0.0220613 0.191615 0.0949785
18.27 0.541878 0.127247 0.218009 0.0475699 0.083261 0.028989 0.182762 0.0794756
18.29 0.418407 0.199882 0.192711 0.0791197 0.0673434 0.0326126 0.254619 0.138017
18.31 0.496773 0.233444 0.12653 0.0279327 0.103328 0.0470249 0.274394 0.0675464
18.33 0.426132 0.212517 0.0725742 0.0438748 0.0464975 0.0156749 0.264472 0.139577
18.35 0.373143 0.21795 0.221578 0.064858 0.0398308 0.0214429 0.305692 0.094371
18.37 0.47169 0.215424 0.124267 0.0977359 0.0466627 0.0251412 0.266805 0.095914
18.39 0.460104 0.140248 0.193411 0.0465635 0.114324 0.041902 0.251013 0.0817751
18.41 0.538899 0.173974 0.162937 0.0483675 0.0610797 0.0280787 0.253315 0.0926141
18.43 0.461704 0.11451 0.143797 0.0284461 0.0729977 0.0311308 0.303136 0.113468
18.45 0.450162 0.141816 0.174511 0.0744601 0.0747063 0.0259847 0.200298 0.144505
18.47 0.388192 0.236609 0.202893 0.0323456 0.0725335 0.0331518 0.264648 0.15314
18.49 0.45308 0.154483 0.228707 0.0798029 0.0665881 0.0314661 0.388603 0.0947353
18.51 0.384927 0.186497 0.184819 0.0453987 0.0712973 0.0338837 0.285472 0.12991
18.53 0.484788 0.201566 0.195374 0.0552886 0.0695148 0.0289251 0.266726 0.114152
18.55 0.531877 0.169825 0.161424 0.0609501 0.0693457 0.0291942 0.226094 0.0693602
18.57 0.525768 0.18692 0.132868 0.0895438 0.0693843 0.0293736 0.261764 0.0796964
18.59 0.390679 0.185903 0.102477 0.0534071 0.0655296 0.0270237 0.291157 0.197398
18.61 0.476308 0.198487 0.15093 0.0325237 0.110811 0.0314498 0.237565 0.0891741
18.63 0.444796 0.191123 0.193092 0.0302948 0.0397247 0.0322775 0.234927 0.119889
18.65 0.412897 0.179906 0.217778 0.0376565 0.044185 0.0196449 0.174429 0.073195
18.67 0.372023 0.200381 0.0948464 0.0715118 0.0523738 0.027374 0.223262 0.114706
18.69 0.494206 0.185608 0.20346 0.0778215 0.0950486 0.0362043 0.190464 0.127643
18.71 0.406738 0.157008 0.161534 0.0724871 0.0546247 0.0268652 0.30314 0.0970195
18.73 0.430824 0.19615 0.152781 0.039263 0.0576594 0.0223877 0.311711 0.0981441
18.75 0.412561 0.0866198 0.16376 0.034073 0.0866845 0.0406452 0.253777 0.0849553
18.77 0.330796 0.20355 0.170138 0.0313288 0.0704898 0.0223805 0.246972 0.107528
18.79 0.574686 0.156609 0.204932 0.0538043 0.0696605 0.0331848 0.17812 0.0919157
18.81 0.548097 0.175807 0.161348 0.0657721 0.0572218 0.0278948 0.344114 0.145601
18.83 0.513393 0.181271 0.142681 0.0630941 0.071936 0.0303204 0.266361 0.133202
18.85 0.381536 0.171607 0.145443 0.022273 0.086249 0.0311115 0.283475 0.0927
18.87 0.341608 0.163032 0.19345 0.0860737 0.0531431 0.0304272 0.294885 0.057728
18.89 0.426001 0.215656 0.21622 0.0856234 0.0674508 0.0241858 0.192726 0.135533
18.91 0.403551 0.181363 0.175941 0.0572324 0.0539655 0.0248303 0.186211 0.0948511
18.93 0.498176 0.152383 0.102871 0.0666641 0.067048 0.0325898 0.286361 0.0682048
18.95 0.456199 0.154774 0.103155 0.061691 0.0729217 0.0291799 0.249239 0.0776498
18.97 0.456348 0.262494 0.133292 0.0405167 0.06863 0.0291579 0.233042 0.0789652
18.99 0.41299 0.169393 0.139258 0.0506187 0.070226 0.0266224 0.341724 0.122641
19.01 0.457441 0.156083 0.152585 0.0650828 0.0623259 0.0264729 0.235357 0.0443172
19.03 0.402837 0.158613 0.167697 0.0385865 0.052977 0.0252123 0.148621 0.0573629
19.05 0.429358 0.218813 0.12728 0.0739045 0.0745099 0.0312236 0.278321 0.119671
19.07 0.449777 0.113935 0.166895 0.0866567 0.0790827 0.0258603 0.229312 0.181473
19.09 0.387893 0.161877 0.155624 0.0843644 0.0605958 0.0320175 0.225172 0.0699545
19.11 0.394869 0.181898 0.120219 0.0671362 0.0728554 0.0280334 0.278334 0.11184
19.13 0.488081 0.214265 0.169413 0.0392687 0.0586397 0.0280334 0.18763 0.121555
19.15 0.434294 0.119824 0.160647 0.0333523 0.0507494 0.0258113 0.282021 0.0711862
19.17 0.473409 0.164988 0.147055 0.0343017 0.0734929 0.0267315 0.323941 0.100539
19.19 0.362847 0.22957 0.150077 0.0236958 0.0703655 0.0305503 0.16659 0.117505
19.21 0.428543 0.233432 0.142897 0.042421 0.0825271 0.0280149 0.20428 0.120559
19.23 0.380042 0.156301 0.155883 0.0491323 0.0445646 0.0265783 0.19349 0.0760612
19.25 0.529014 0.134607 0.114753 0.0917087 0.0525362 0.0254638 0.326279 0.0652141
19.27 0.44108 0.238497 0.113858 0.0775543 0.0566037 0.0228471 0.266717 0.0871369
19.29 0.424303 0.161063 0.172277 0.0456991 0.0863952 0.0345971 0.288408 0.124351
19.31 0.398082 0.241159 0.122547 0.0313221 0.0707616 0.0340594 0.257163 0.109044
19.33 0.406425 0.209006 0.166729 0.102112 0.0692233 0.0270313 0.209449 0.113314
19.35 0.475682 0.147539 0.140157 0.0235162 0.0522753 0.0220709 0.178476 0.0779209
19.37 0.367908 0.133744 0.134069 0.048022 0.069166 0.0200571 0.189262 0.0714905
19.39 0.444438 0.143426 0.179074 0.0536817 0.0576383 0.0325927 0.196752 0.12133
19.41 0.318036 0.130931 0.18638 0.0463955 0.0665979 0.0286487 0.258945 0.0812091
19.43 0.451591 0.170834 0.121983 0.0298965 0.0551514 0.0253271 0.206134 0.0952615
19.45 0.415203 0.134937 0.124734 0.0704895 0.125011 0.0403181 0.230814 0.101802
19.47 0.421863 0.155553 0.151413 0.0425073 0.0332214 0.018772 0.248009 0.114937
19.49 0.40502 0.18573 0.190946 0.0507254 0.0354361 0.0210247 0.183393 0.0458329
19.51 0.428925 0.15139 0.179455 0.0527931 0.0917503 0.0303088 0.214269 0.0584389
19.53 0.353017 0.183935 0.181316 0.0565308 0.0407779 0.0288655 0.251268 0.106947
19.55 0.395809 0.17041 0.144455 0.130309 0.0330355 0.013135 0.215014 0.100315
19.57 0.379307 0.179512 0.128514 0.0182513 0.040693 0.0177557 0.130204 0.0640525
19.59 0.444496 0.173284 0.102252 0.0536414 0.105432 0.0422755 0.185116 0.0935169
19.61 0.419854 0.128948 0.148295 0.0319104 0.0663738 0.0292432 0.199571 0.0834591
19.63 0.431356 0.16171 0.15574 0.0644972 0.0704375 0.0263188 0.216899 0.0766892
19.65 0.449055 0.174459 0.179813 0.0215761 0.0418396 0.0248881 0.237547 0.0757401
19.67 0.452374 0.147822 0.173546 0.0722028 0.07471 0.0254951 0.317477 0.122959
19.69 0.401362 0.155431 0.0986469 0.0305445 0.0545181 0.0246159 0.201486 0.0987613
19.71 0.416395 0.153558 0.113504 0.0587826 0.0605102 0.0258417 0.356797 0.10663
19.73 0.314816 0.195869 0.110213 0.0309504 0.0677714 0.022471 0.253668 0.0628043
19.75 0.379644 0.236528 0.171916 0.0347848 0.0499499 0.0292787 0.217246 0.131732
19.77 0.411462 0.155167 0.165899 0.0310523 0.0584232 0.0220388 0.222699 0.103433
19.79 0.401011 0.15838 0.141791 0.0476221 0.0673352 0.0291227 0.26302 0.132302
19.81 0.349433 0.165469 0.135141 0.0600904 0.0547317 0.0272296 0.200107 0.104122
19.83 0.532091 0.115752 0.164477 0.076558 0.0726247 0.0253835 0.270777 0.105734
19.85 0.293497 0.213139 0.103597 0.0435544 0.0550187 0.0225722 0.17021 0.0680474
19.87 0.462873 0.128586 0.113401 0.0817944 0.0526965 0.030307 0.173234 0.0827266
19.89 0.464424 0.19564 0.147964 0.0452772 0.0649516 0.0214239 0.231429 0.105456
19.91 0.335717 0.148943 0.181763 0.0462222 0.045 0.0222888 0.215394 0.0530909
19.93 0.49464 0.155163 0.136514 0.0678297 0.066 0.0316735 0.344181 0.0788032
19.95 0.379024 0.163187 0.0822726 0.0374841 0.0698096 0.0225233 0.11634 0.0674736
19.97 0.389775 0.118252 0.132457 0.0369516 0.0507722 0.0199638 0.253509 0.072074
19.99 0.272489 0.135419 0.0991698 0.0369251 0.0646192 0.028698 0.196061 0.0824871
